
########################################################################## 
################################ Settings ################################ 
########################################################################## 

Note: Using linear eps. decay. + distance to apple reward.

####### Hyperparameters ####### : 
batch_size: 256
 gamma: 0.99
 initial_epsilon: 1.0
 minimal_epsilon: 0.001
 epsilon_decay_rate: 0.003
 target_update_frequency: 50
 learning_rate: 2e-05
 memory_size: 1000000
 n_episodes: 445
 
####### Optimizer ####### : 
 Adam (
Parameter Group 0
    amsgrad: False
    betas: (0.9, 0.999)
    capturable: False
    eps: 1e-08
    foreach: None
    lr: 2e-05
    maximize: False
    weight_decay: 0
)

####### Loss function ####### : 
 MSELoss()

####### Network structure #######: 
 DeepQNetwork(
  (lin1): Linear(in_features=18, out_features=360, bias=True)
  (lin2): Linear(in_features=360, out_features=180, bias=True)
  (lin3): Linear(in_features=180, out_features=4, bias=True)
  (rectifier): ReLU()
)

########################################################################## 
################################## DATA ################################## 
########################################################################## 
    steps:              scores:             rewards:             epsilon:
      21.0                  0.0               -2.002                  1.0
      36.0                  0.0  -2.0069999999999997                  1.0
      20.0                  0.0               -2.001                  1.0
      19.0                  0.0               -1.996                  1.0
       5.0                  0.0               -2.006                  1.0
      39.0                  0.0               -2.012                  1.0
      21.0                  0.0               -2.006                  1.0
       4.0                  0.0  -2.0029999999999997                  1.0
      11.0                  0.0               -2.012                  1.0
       1.0                  0.0               -2.002                  1.0
      11.0                  0.0                 -2.0                  1.0
       7.0                  0.0               -2.002                  1.0
       4.0                  0.0  -2.0029999999999997                  1.0
       7.0                  0.0               -2.002                  1.0
      15.0                  0.0               -2.008                  1.0
      46.0                  0.0  -2.0109999999999997                0.955
       7.0                  0.0               -2.002                0.952
     135.0                  0.0               -2.012                0.949
       1.0                  0.0                 -2.0                0.946
      10.0                  0.0  -2.0029999999999997                0.943
      11.0                  0.0               -2.004                 0.94
      19.0                  0.0               -1.998                0.937
      23.0                  0.0               -2.016   0.9339999999999999
     101.0                  1.0                  0.0                0.931
      22.0                  0.0  -1.9989999999999999   0.9279999999999999
      15.0                  0.0               -1.998                0.925
      17.0                  0.0               -2.004                0.922
      12.0                  0.0               -2.005                0.919
     121.0                  1.0 0.004000000000000892                0.916
      83.0                  0.0               -2.004                0.913
      62.0                  0.0  -1.9989999999999999                 0.91
       8.0                  0.0  -1.9969999999999999                0.907
      12.0                  0.0  -1.9989999999999999                0.904
       4.0                  0.0               -2.001                0.901
      34.0                  0.0  -1.9989999999999999                0.898
      12.0                  0.0  -2.0109999999999997                0.895
      17.0                  0.0               -2.002                0.892
      20.0                  0.0  -2.0109999999999997                0.889
       0.0                  0.0               -2.001                0.886
      39.0                  0.0               -2.004                0.883
      45.0                  1.0  0.01200000000000001                 0.88
      85.0                  0.0               -2.024                0.877
       2.0                  0.0  -1.9989999999999999                0.874
       7.0                  0.0               -2.008                0.871
      10.0                  0.0               -2.001                0.868
      70.0                  0.0  -2.0109999999999997                0.865
       8.0                  0.0               -2.005                0.862
      56.0                  1.0 0.018999999999997907                0.859
      28.0                  0.0  -2.0029999999999997                0.856
      31.0                  0.0               -2.008                0.853
      29.0                  0.0               -1.984                 0.85
      29.0                  0.0               -2.006                0.847
      28.0                  0.0  -1.9849999999999999                0.844
     287.0                  1.0  0.02199999999999891                0.841
      54.0                  0.0               -2.005                0.838
      30.0                  1.0 0.008999999999999453                0.835
      87.0                  0.0               -1.992                0.832
      95.0                  1.0 0.006000000000000227                0.829
      79.0                  0.0               -1.992                0.826
      64.0                  1.0 -0.0009999999999998899                0.823
      10.0                  0.0  -1.9969999999999999   0.8200000000000001
      80.0                  0.0               -2.001                0.817
     111.0                  0.0               -2.018   0.8140000000000001
     103.0                  0.0               -1.996   0.8109999999999999
      45.0                  0.0                -1.99                0.808
      83.0                  2.0   2.0079999999999987   0.8049999999999999
       0.0                  0.0               -2.001                0.802
      58.0                  1.0 0.006999999999999673   0.7989999999999999
      57.0                  0.0               -1.988                0.796
     139.0                  0.0                -2.01   0.7929999999999999
      59.0                  1.0 0.002000000000000668                 0.79
     159.0                  1.0 0.015999999999999126                0.787
      31.0                  0.0               -1.998                0.784
      55.0                  0.0               -1.996                0.781
     248.0                  3.0    4.014999999999999                0.778
       7.0                  0.0               -1.998                0.775
      15.0                  1.0 0.002000000000000224                0.772
      84.0                  0.0  -1.9909999999999999                0.769
      34.0                  0.0  -2.0069999999999997                0.766
      34.0                  1.0  0.01100000000000012                0.763
     153.0                  1.0 0.007999999999999563                 0.76
      38.0                  0.0  -2.0029999999999997                0.757
      61.0                  0.0                 -2.0                0.754
      32.0                  0.0  -1.9909999999999999                0.751
      17.0                  0.0               -1.992                0.748
       0.0                  0.0               -2.001                0.745
     147.0                  4.0    6.024000000000003                0.742
     125.0                  1.0 0.008000000000000895                0.739
       3.0                  0.0               -1.998                0.736
      42.0                  0.0  -1.9949999999999999                0.733
     519.0                  3.0    4.050000000000006                 0.73
      99.0                  1.0 0.006000000000000227                0.727
     137.0                  2.0   2.0339999999999994                0.724
     215.0                  2.0    2.007999999999995                0.721
      38.0                  0.0  -1.9889999999999999                0.718
      51.0                  0.0               -1.994                0.715
      77.0                  0.0               -1.996                0.712
     100.0                  0.0               -2.009   0.7090000000000001
     154.0                  3.0   4.0290000000000035                0.706
      84.0                  1.0 0.012999999999999012   0.7030000000000001
      38.0                  0.0  -1.9909999999999999                  0.7
     217.0                  4.0    6.034000000000001   0.6970000000000001
       4.0                  0.0               -2.005                0.694
       9.0                  0.0               -2.004   0.6910000000000001
       2.0                  0.0  -2.0029999999999997                0.688
       4.0                  0.0  -1.9969999999999999                0.685
      16.0                  0.0  -1.9929999999999999   0.6819999999999999
     180.0                  3.0    4.031000000000002                0.679
      57.0                  1.0 0.008000000000000007   0.6759999999999999
      66.0                  1.0  0.02499999999999769                0.673
      57.0                  0.0                -1.98   0.6699999999999999
     323.0                  4.0    6.060000000000002                0.667
     216.0                  5.0    8.056999999999993   0.6639999999999999
     117.0                  3.0                4.026                0.661
       1.0                  0.0               -2.002   0.6579999999999999
      49.0                  1.0 0.015999999999999126                0.655
      61.0                  0.0               -1.986   0.6519999999999999
      64.0                  0.0  -2.0069999999999997                0.649
     205.0                  4.0    6.053999999999993                0.646
      13.0                  0.0               -2.004                0.643
     919.0                  4.0    6.070000000000004                 0.64
       3.0                  0.0               -1.998                0.637
     164.0                  1.0 -0.006999999999998785                0.634
     530.0                  1.0  0.03699999999999726                0.631
      66.0                  1.0 0.020999999999999464                0.628
       5.0                  0.0               -2.002                0.625
      55.0                  0.0               -1.984                0.622
      13.0                  1.0 0.0040000000000000036                0.619
       4.0                  0.0  -1.9969999999999999                0.616
     137.0                  1.0 0.006000000000000227                0.613
      73.0                  4.0    6.031999999999998                 0.61
      55.0                  1.0  0.01799999999999846                0.607
     149.0                  1.0 0.023999999999999133                0.604
     119.0                  6.0   10.053999999999993                0.601
     299.0                  1.0  0.02399999999999869                0.598
     234.0                  2.0                2.023                0.595
     172.0                  4.0    6.046999999999999                0.592
     215.0                  0.0               -1.986                0.589
     646.0                  1.0                2.015                0.586
      61.0                  1.0 0.020000000000000018                0.583
     160.0                  1.0 0.022999999999999687   0.5800000000000001
     470.0                  2.0   2.0449999999999986                0.577
      42.0                  2.0    2.016999999999999   0.5740000000000001
      91.0                  0.0                -1.98                0.571
     409.0                  2.0   2.0199999999999947   0.5680000000000001
     142.0                  1.0 0.015000000000000124                0.565
      42.0                  1.0 0.012999999999999456                0.562
     186.0                  3.0                4.029   0.5589999999999999
     207.0                  2.0    2.040000000000005                0.556
      88.0                  3.0   4.0230000000000015   0.5529999999999999
     158.0                  4.0   6.0450000000000035                 0.55
     258.0                  0.0               -2.013   0.5469999999999999
     561.0                  0.0                 -2.0                0.544
     296.0                  4.0    6.039000000000009   0.5409999999999999
      32.0                  0.0  -1.9969999999999999                0.538
       0.0                  0.0               -2.001   0.5349999999999999
      17.0                  0.0               -1.998                0.532
       7.0                  0.0               -2.002   0.5289999999999999
      40.0                  0.0  -2.0029999999999997                0.526
     152.0                  4.0    6.055000000000007   0.5229999999999999
     102.0                  2.0   2.0430000000000015                 0.52
       2.0                  0.0  -1.9989999999999999                0.517
     348.0                  0.0  -2.0029999999999997                0.514
     206.0                  4.0    6.029000000000007                0.511
     808.0                  4.0     6.06900000000001                0.508
      28.0                  0.0  -1.9949999999999999                0.505
      32.0                  0.0               -2.001                0.502
      84.0                  2.0                2.015                0.499
     364.0                  3.0    4.051000000000004                0.496
     267.0                  0.0               -2.006                0.493
     134.0                  3.0    4.031000000000004                 0.49
     157.0                  1.0 0.021999999999999797                0.487
     128.0                  2.0    2.032999999999999                0.484
     600.0                  0.0                0.005                0.481
     120.0                  4.0    6.043000000000003                0.478
       1.0                  0.0               -2.002                0.475
     600.0                  0.0                0.001                0.472
     183.0                  4.0                6.052                0.469
     624.0                  1.0   2.0169999999999995  0.46599999999999997
      66.0                  4.0    6.037000000000006  0.46299999999999997
     205.0                  5.0    8.065999999999999  0.45999999999999996
      28.0                  0.0  -1.9949999999999999  0.45699999999999996
      24.0                  0.0  -1.9969999999999999  0.45399999999999996
       6.0                  0.0  -1.9969999999999999  0.45099999999999996
     118.0                  4.0    6.033000000000005  0.44799999999999995
     551.0                  0.0               -2.004  0.44499999999999995
       8.0                  0.0  -1.9969999999999999  0.44199999999999995
     600.0                  0.0 0.017000000000000008  0.43899999999999995
      25.0                  0.0               -2.006  0.43599999999999994
       3.0                  0.0               -1.998  0.43299999999999994
     124.0                  6.0   10.058999999999987  0.42999999999999994
     818.0                  2.0    4.035000000000003  0.42699999999999994
     732.0                  2.0    4.025000000000002  0.42399999999999993
     307.0                  2.0   2.0140000000000007  0.42100000000000004
     375.0                  4.0    6.039999999999997  0.41800000000000004
     304.0                  0.0  -1.9929999999999999  0.41500000000000004
     604.0                  1.0    2.008999999999999  0.41200000000000003
       0.0                  0.0               -2.001  0.40900000000000003
     256.0                  3.0    4.039000000000003                0.406
      10.0                  0.0  -1.9989999999999999                0.403
     232.0                  5.0    8.062999999999988                  0.4
     165.0                  4.0    6.060000000000011                0.397
    1154.0                  3.0   6.0290000000000035                0.394
      59.0                  3.0    4.024000000000001                0.391
     514.0                  7.0    12.06099999999999                0.388
     600.0                  0.0 0.015000000000000006                0.385
      62.0                  2.0    2.032999999999999                0.382
     600.0                  0.0               -0.003                0.379
     467.0                  1.0 0.007999999999999563                0.376
      11.0                  0.0               -1.994                0.373
     238.0                  4.0    6.030999999999999                 0.37
      79.0                  4.0    6.038000000000002                0.367
     696.0                  2.0    4.035000000000002                0.364
     244.0                  4.0    6.063000000000006                0.361
     120.0                  1.0 0.030999999999998806                0.358
     649.0                  1.0   2.0159999999999982                0.355
     363.0                  3.0    4.048000000000007                0.352
     600.0                  0.0                0.005                0.349
      81.0                  1.0 0.016000000000000014                0.346
     293.0                  1.0 0.008000000000000007  0.34299999999999997
     103.0                  1.0 0.016000000000000014  0.33999999999999997
     579.0                  4.0     6.05600000000001  0.33699999999999997
       6.0                  0.0  -2.0069999999999997  0.33399999999999996
     600.0                  0.0                0.005  0.33099999999999996
     399.0                  5.0                8.046  0.32799999999999996
      14.0                  0.0  -1.9989999999999999  0.32499999999999996
     370.0                  3.0    4.047000000000008  0.32199999999999995
      66.0                  1.0 0.008999999999999897  0.31899999999999995
     120.0                  2.0   2.0409999999999964  0.31599999999999995
     806.0                  4.0    6.061000000000002  0.31299999999999994
      11.0                  0.0                -2.01  0.30999999999999994
     240.0                  3.0    4.057000000000011  0.30699999999999994
      27.0                  0.0               -1.998  0.30399999999999994
     201.0                  4.0    6.042000000000009  0.30099999999999993
     608.0                  1.0   2.0249999999999977  0.29799999999999993
     742.0                  3.0    6.053000000000004  0.29500000000000004
     600.0                  0.0 0.009000000000000001  0.29200000000000004
      79.0                  0.0                -1.99  0.28900000000000003
     640.0                  2.0    4.030999999999999  0.28600000000000003
     588.0                  4.0    6.037000000000004  0.28300000000000003
     221.0                 11.0   20.100000000000012                 0.28
     182.0                  4.0    6.077000000000009                0.277
     600.0                  0.0               -0.005                0.274
     134.0                  5.0    8.052999999999994                0.271
     177.0                  6.0   10.061999999999985                0.268
     129.0                  6.0   10.045999999999998                0.265
     600.0                  0.0                0.003                0.262
     140.0                  3.0    4.024999999999997                0.259
     331.0                  4.0                6.038                0.256
     616.0                  5.0    8.083000000000006                0.253
     344.0                  5.0    8.068999999999994                 0.25
     311.0                  4.0    6.068000000000005                0.247
     175.0                  6.0   10.075999999999988                0.244
     259.0                  4.0    6.038000000000002                0.241
      65.0                  1.0 0.013999999999998902                0.238
     104.0                  3.0    4.039000000000007                0.235
      56.0                  2.0   2.0370000000000004  0.23199999999999998
     100.0                  2.0                2.015  0.22899999999999998
     299.0                  6.0   10.093999999999985  0.22599999999999998
      13.0                  0.0               -1.988  0.22299999999999998
     664.0                  2.0                4.039  0.21999999999999997
     159.0                  2.0    2.037999999999998  0.21699999999999997
     305.0                  4.0   6.0340000000000025  0.21399999999999997
     307.0                  4.0   6.0780000000000065  0.21099999999999997
       1.0                  0.0                 -2.0  0.20799999999999996
     229.0                  6.0   10.083999999999984  0.20499999999999996
     423.0                  6.0   10.077999999999989  0.20199999999999996
       0.0                  0.0               -2.001  0.19899999999999995
     145.0                  4.0    6.068000000000005  0.19599999999999995
     247.0                  8.0   14.095999999999998  0.19299999999999995
     661.0                  3.0   6.0219999999999985  0.18999999999999995
      13.0                  0.0               -1.998  0.18699999999999994
      79.0                  4.0    6.047999999999998  0.18399999999999994
     264.0                  1.0  0.03699999999999992  0.18099999999999994
     322.0                  8.0   14.070999999999986  0.17799999999999994
     600.0                  0.0  0.01900000000000001  0.17499999999999993
       6.0                  0.0  -2.0069999999999997  0.17199999999999993
     340.0                  4.0    6.063000000000004  0.16899999999999993
      70.0                  3.0   4.0290000000000035  0.16600000000000004
      81.0                  1.0  0.02799999999999958  0.16300000000000003
     161.0                  7.0   12.063999999999986  0.16000000000000003
     342.0                  7.0   12.102999999999973  0.15700000000000003
      53.0                  2.0    2.015999999999998  0.15400000000000003
     116.0                  3.0   4.0570000000000075  0.15100000000000002
     102.0                  4.0    6.049000000000003  0.14800000000000002
     767.0                 13.0    24.23200000000009  0.14500000000000002
     272.0                 10.0   18.170999999999992  0.14200000000000002
     207.0                 14.0   26.132000000000083                0.139
     163.0                  6.0   10.079999999999979                0.136
     147.0                  6.0   10.097999999999999                0.133
      27.0                  2.0   2.0239999999999987                 0.13
     600.0                  0.0 0.013000000000000005                0.127
     429.0                  5.0     8.08399999999999                0.124
     619.0                  3.0    6.030000000000003                0.121
      40.0                  3.0    4.037000000000006                0.118
     155.0                  7.0   12.095999999999991  0.11499999999999999
     301.0                 12.0    22.14800000000003  0.11199999999999999
     371.0                 15.0   28.188000000000088  0.10899999999999999
     294.0                  8.0   14.096999999999968  0.10599999999999998
     216.0                  0.0  -1.9909999999999999  0.10299999999999998
     371.0                  4.0    6.038000000000007  0.09999999999999998
     116.0                  6.0   10.072999999999999  0.09699999999999998
     294.0                 11.0    20.18100000000006  0.09399999999999997
     416.0                 13.0   24.161000000000048  0.09099999999999997
      34.0                  2.0   2.0209999999999986  0.08799999999999997
      83.0                  4.0    6.068000000000003  0.08499999999999996
     116.0                  5.0    8.056999999999999  0.08199999999999996
     153.0                  6.0   10.103999999999983  0.07899999999999996
     262.0                  2.0    2.048999999999998  0.07599999999999996
      54.0                  2.0   2.0329999999999973  0.07299999999999995
     277.0                 13.0   24.170000000000083  0.06999999999999995
       7.0                  0.0               -1.994  0.06699999999999995
     647.0                 15.0   28.218000000000078  0.06399999999999995
     601.0                  1.0    2.007999999999999  0.06099999999999994
     849.0                 31.0    60.39199999999963  0.05799999999999994
     757.0                 31.0     60.4499999999996  0.05499999999999994
     834.0                 33.0    64.45899999999955 0.051999999999999935
     169.0                 11.0   20.138000000000062  0.04899999999999993
     108.0                  5.0    8.067000000000013  0.04599999999999993
     247.0                 14.0    26.19200000000008  0.04299999999999993
     369.0                 13.0   24.160000000000057 0.040000000000000036
     244.0                 12.0    22.17900000000006  0.03700000000000003
     588.0                 10.0   18.151000000000014  0.03400000000000003
     708.0                 32.0    62.44499999999959 0.031000000000000028
     168.0                  8.0    14.11499999999999 0.028000000000000025
      71.0                  6.0   10.057999999999982 0.025000000000000022
     328.0                 11.0    20.13500000000003  0.02200000000000002
     540.0                 22.0    42.30299999999992 0.019000000000000017
    1150.0                 24.0    48.41699999999977 0.016000000000000014
     527.0                 23.0    44.37999999999987 0.013000000000000012
    2076.0                 35.0     70.5249999999998 0.010000000000000009
    1649.0                 42.0    82.61000000000055 0.007000000000000006
    2016.0                 45.0     88.5650000000006 0.0040000000000000036
    1584.0                 46.0    90.60300000000042 0.0010000000000000009
     747.0                  8.0    16.12599999999998                0.001
    2021.0                 49.0    96.58000000000067                0.001
     529.0                 25.0    48.29999999999975                0.001
     829.0                 17.0    34.22599999999999                0.001
     754.0                  7.0   14.150999999999968                0.001
    2460.0                 54.0    106.7170000000009                0.001
    1264.0                 42.0    82.61900000000044                0.001
     666.0                  5.0   10.062999999999997                0.001
    2595.0                 56.0   110.69600000000105                0.001
    1463.0                 48.0    94.67000000000056                0.001
    1444.0                 50.0    98.69100000000076                0.001
    1453.0                 47.0    92.57600000000045                0.001
    1200.0                 36.0     72.4229999999998                0.001
    2076.0                 56.0   110.75700000000094                0.001
    1694.0                 43.0    84.59300000000054                0.001
    2174.0                 61.0   120.77300000000139                0.001
     611.0                  2.0                4.016                0.001
     220.0                 14.0    26.15300000000007                0.001
    2319.0                 61.0    120.8120000000015                0.001
    2187.0                 59.0   116.81000000000158                0.001
    1751.0                 52.0   102.70600000000108                0.001
    2265.0                 55.0   108.66200000000097                0.001
    2972.0                 57.0   112.84900000000124                0.001
     611.0                  2.0    4.024000000000003                0.001
    1916.0                 51.0    102.6210000000005                0.001
    1403.0                 33.0     66.4839999999996                0.001
    1651.0                 44.0    88.68000000000023                0.001
    1643.0                 52.0   102.70400000000096                0.001
     653.0                  3.0    6.052000000000007                0.001
     671.0                  3.0    6.054000000000006                0.001
    1260.0                 49.0    96.68100000000102                0.001
    1083.0                 27.0     54.3879999999998                0.001
     627.0                  1.0   2.0219999999999994                0.001
     728.0                  5.0   10.066999999999997                0.001
    1755.0                 49.0    98.63200000000086                0.001
    2267.0                 51.0   102.70600000000093                0.001
    3928.0                 68.0    134.8110000000017                0.001
    2423.0                 50.0    98.65000000000076                0.001
    1958.0                 58.0   114.78500000000084                0.001
    1833.0                 61.0   120.73400000000133                0.001
    1172.0                 43.0    84.53300000000013                0.001
    1342.0                 55.0   108.76300000000111                0.001
    2213.0                 63.0   124.82600000000137                0.001
    2477.0                 70.0   138.95800000000227                0.001
     913.0                 42.0     82.5900000000004                0.001
    1912.0                 64.0   126.76900000000148                0.001
    1530.0                 57.0   112.83500000000116                0.001
    2051.0                 58.0   116.83400000000164                0.001
    1172.0                 49.0    96.66900000000086                0.001
    1179.0                 54.0   106.69800000000083                0.001
     494.0                 31.0     60.3489999999997                0.001
    1744.0                 58.0    114.7250000000011                0.001
    1061.0                 53.0   104.71800000000096                0.001
     632.0                  2.0    4.049000000000004                0.001
    1785.0                 55.0   108.77400000000081                0.001
    2301.0                 73.0    144.9220000000023                0.001
    1855.0                 53.0    104.7240000000009                0.001
    1264.0                 54.0   106.70300000000097                0.001
    3644.0                 89.0   177.20900000000336                0.001
    2022.0                 61.0   120.82700000000136                0.001
    1466.0                 46.0    92.60100000000054                0.001
    2053.0                 63.0   124.80400000000148                0.001
    1698.0                 62.0   122.79700000000157                0.001
    2073.0                 60.0   118.73600000000152                0.001
    1638.0                 69.0   136.86300000000168                0.001
    1048.0                 52.0    102.6210000000008                0.001
    1201.0                 51.0   100.77600000000102                0.001
    1576.0                 47.0     94.5730000000004                0.001
    1041.0                 38.0    74.53000000000003                0.001
     931.0                 47.0     92.6820000000006                0.001
    2826.0                 80.0   159.10700000000273                0.001
     630.0                 37.0    72.50700000000002                0.001
    2063.0                 73.0    145.0160000000023                0.001
    1669.0                 65.0   128.87600000000177                0.001
    2726.0                 80.0   158.99900000000247                0.001
    1767.0                 60.0   118.72600000000118                0.001
    2238.0                 71.0   140.95300000000205                0.001
    1219.0                 56.0   110.73000000000118                0.001
    1217.0                 51.0   100.72000000000101                0.001
    1866.0                 69.0    136.9390000000023                0.001
    1065.0                 53.0     104.700000000001                0.001
    1499.0                 61.0   120.88800000000175                0.001
    2370.0                 69.0   137.00300000000217                0.001
    2066.0                 64.0   126.88700000000173                0.001
    1952.0                 68.0   134.98100000000179                0.001
    1818.0                 68.0   134.98100000000193                0.001
    1023.0                 50.0    98.63000000000075                0.001
     699.0                 32.0    62.47599999999965                0.001
     407.0                 27.0   52.341999999999786                0.001
    1537.0                 64.0   126.85000000000161                0.001
    1519.0                 64.0   126.85200000000165                0.001
    1646.0                 63.0    124.9530000000018                0.001
    2611.0                 65.0   128.93200000000198                0.001
    1251.0                 55.0   108.84600000000142                0.001
    2465.0                 68.0    134.8580000000017                0.001
    2140.0                 74.0    147.0070000000024                0.001
    1194.0                 59.0   116.71100000000119                0.001
    2010.0                 57.0   114.73300000000114                0.001
    3183.0                 82.0   163.07400000000285                0.001
     554.0                 35.0    68.49099999999983                0.001
    1963.0                 70.0     138.908000000002                0.001
    2135.0                 68.0    134.8780000000017                0.001
    2417.0                 60.0   120.79200000000169                0.001
     320.0                 20.0    38.28700000000003                0.001
    1096.0                 51.0   100.68100000000094                0.001
    3217.0                 86.0     171.132000000003                0.001
    1471.0                 54.0   106.63800000000074                0.001
     437.0                 26.0    50.30999999999978                0.001
    1367.0                 54.0   106.68600000000093                0.001
    1031.0                 48.0    94.68400000000062                0.001
    1488.0                 60.0   118.83900000000149                0.001
