
########################################################################## 
################################ Settings ################################ 
########################################################################## 

Note: Using Linear eps. decay. + distance to apple reward.

####### Environment settings ####### : 
screen_size: (600, 600)
snake_block_size: (30, 30)
grid_size: 20
apple_reward: 2.0
death_punishment: -2.0
closer_2_apple_reward: 0.001
longer_from_apple_punishment: -0.001
max_iterations: 600


####### Hyperparameters ####### : 
batch_size: 128
 gamma: 0.99
 initial_epsilon: 0.5
 minimal_epsilon: 0.0
 epsilon_decay_rate: 0.00075
 target_update_frequency: 10
 learning_rate: 0.0001
 memory_size: 1000000
 n_episodes: 1000
 
####### Optimizer ####### : 
Adam (
Parameter Group 0
    amsgrad: False
    betas: (0.9, 0.999)
    capturable: False
    eps: 1e-08
    foreach: None
    lr: 0.0001
    maximize: False
    weight_decay: 0
)

####### Loss function ####### : 
MSELoss()

####### Network structure #######: 
DeepQNetwork(
  (lin1): Linear(in_features=18, out_features=540, bias=True)
  (lin2): Linear(in_features=540, out_features=270, bias=True)
  (lin3): Linear(in_features=270, out_features=4, bias=True)
  (rectifier1): ReLU()
)

########################################################################## 
################################## DATA ################################## 
########################################################################## 
    steps:              scores:             rewards:             epsilon:
       0.0                  0.0               -2.001                  0.5
      17.0                  0.0               -2.008                  0.5
      18.0                  0.0               -2.009                  0.5
       8.0                  0.0  -1.9929999999999999                  0.5
      21.0                  0.0               -2.008                  0.5
       7.0                  0.0               -2.006                  0.5
      22.0                  0.0  -1.9989999999999999                  0.5
      17.0                  0.0                -2.01                  0.5
       5.0                  0.0               -2.006                  0.5
      31.0                  0.0               -1.988              0.49325
      15.0                  0.0               -2.006               0.4925
       5.0                  0.0               -2.002              0.49175
      33.0                  0.0               -1.992                0.491
      22.0                  0.0               -2.017              0.49025
     109.0                  2.0   2.0119999999999965               0.4895
       7.0                  0.0               -2.006              0.48875
      99.0                  0.0               -1.998                0.488
     297.0                  1.0  0.01799999999999935              0.48725
     366.0                  1.0 0.018999999999998796               0.4865
     154.0                  0.0  -1.9809999999999999              0.48575
     157.0                  2.0   2.0440000000000063                0.485
      32.0                  0.0               -2.013              0.48425
      18.0                  0.0  -1.9929999999999999               0.4835
     244.0                  2.0    2.021000000000003              0.48275
       3.0                  0.0               -2.004                0.482
      26.0                  0.0               -2.017              0.48125
     331.0                  0.0                 -2.0               0.4805
      39.0                  1.0  0.01999999999999824              0.47975
      91.0                  1.0  0.01999999999999913                0.479
     654.0                  1.0   2.0170000000000003              0.47825
     197.0                  1.0 0.019999999999998685               0.4775
     239.0                  2.0    2.023999999999997              0.47675
      17.0                  0.0               -1.994                0.476
      93.0                  1.0 0.021999999999999353              0.47525
     576.0                  0.0  -1.9969999999999999               0.4745
     857.0                  1.0 -0.005999999999998007              0.47375
     600.0                  0.0               -0.005                0.473
     600.0                  0.0                0.007              0.47225
      10.0                  0.0  -1.9949999999999999               0.4715
     600.0                  0.0               -0.001              0.47075
     245.0                  1.0  0.01399999999999979                 0.47
     690.0                  1.0   1.9970000000000008              0.46925
     151.0                  4.0     6.04600000000001               0.4685
      26.0                  0.0               -2.009              0.46775
     702.0                  1.0  0.03099999999999925  0.46699999999999997
      51.0                  0.0               -2.006              0.46625
      86.0                  0.0  -1.9869999999999999               0.4655
     249.0                  1.0 0.005999999999999339              0.46475
       0.0                  0.0               -2.001  0.46399999999999997
     296.0                  2.0    2.045000000000004              0.46325
     600.0                  0.0 0.017000000000000008               0.4625
     158.0                  2.0    2.016999999999998              0.46175
     191.0                  0.0               -1.984                0.461
     487.0                  1.0 0.010000000000000231              0.46025
     600.0                  0.0               -0.001               0.4595
     158.0                  1.0 0.010999999999999233              0.45875
      18.0                  0.0  -2.0189999999999997                0.458
     478.0                  0.0               -2.017              0.45725
       6.0                  0.0  -1.9949999999999999               0.4565
     198.0                  1.0 0.0029999999999996696              0.45575
      70.0                  1.0 0.026999999999998803                0.455
       4.0                  0.0  -1.9989999999999999              0.45425
     469.0                  1.0 0.005999999999999783               0.4535
      62.0                  0.0               -2.001              0.45275
     158.0                  0.0  -1.9829999999999999                0.452
     345.0                  1.0 -0.011999999999998678              0.45125
       2.0                  0.0  -2.0029999999999997               0.4505
      36.0                  2.0    2.010999999999998              0.44975
       2.0                  0.0               -2.001                0.449
     185.0                  1.0 0.006000000000000227              0.44825
     706.0                  1.0                2.009               0.4475
     609.0                  1.0                 2.01              0.44675
       1.0                  0.0                 -2.0                0.446
     478.0                  4.0    6.043000000000006              0.44525
      59.0                  0.0               -2.016               0.4445
     465.0                  1.0 0.0060000000000006715              0.44375
       3.0                  0.0               -2.004                0.443
      92.0                  0.0               -2.013              0.44225
     600.0                  0.0                0.005               0.4415
     600.0                  0.0                0.007              0.44075
       8.0                  0.0  -1.9969999999999999                 0.44
      15.0                  0.0               -2.004  0.43925000000000003
     674.0                  3.0    4.043000000000003               0.4385
     547.0                  0.0               -2.016              0.43775
       9.0                  0.0               -2.002                0.437
       0.0                  0.0               -2.001              0.43625
       2.0                  0.0  -1.9989999999999999               0.4355
     257.0                  1.0 0.004000000000001336  0.43474999999999997
      23.0                  0.0               -1.998                0.434
     736.0                  1.0   2.0249999999999986              0.43325
      41.0                  0.0               -2.002               0.4325
     257.0                  1.0 0.008000000000000007  0.43174999999999997
     197.0                  0.0               -2.006                0.431
     165.0                  0.0               -2.024              0.43025
       1.0                  0.0               -2.002               0.4295
     240.0                  0.0               -2.005  0.42874999999999996
     280.0                  0.0  -2.0149999999999997                0.428
     480.0                  0.0  -2.0029999999999997              0.42725
     238.0                  0.0  -1.9969999999999999               0.4265
     679.0                  1.0                2.004              0.42575
     457.0                  1.0 0.027999999999999137                0.425
      97.0                  2.0   2.0139999999999962              0.42425
      30.0                  0.0               -2.001               0.4235
     281.0                  4.0    6.022000000000002              0.42275
       1.0                  0.0               -2.002                0.422
     122.0                  0.0               -2.017              0.42125
     600.0                  0.0                0.003               0.4205
     351.0                  1.0 4.440892098500626e-16              0.41975
      67.0                  0.0                 -2.0                0.419
     130.0                  0.0               -2.009              0.41825
     140.0                  0.0  -1.9989999999999999               0.4175
      10.0                  0.0  -2.0029999999999997              0.41675
      13.0                  0.0               -2.006                0.416
      44.0                  0.0  -2.0029999999999997              0.41525
     340.0                  0.0  -1.9969999999999999               0.4145
     599.0                  2.0    2.029999999999997              0.41375
      15.0                  0.0               -2.002                0.413
      82.0                  1.0 0.014999999999998792              0.41225
     148.0                  5.0                8.041               0.4115
     159.0                  1.0 0.005999999999999783              0.41075
     378.0                  2.0    2.040999999999998  0.41000000000000003
      33.0                  0.0               -1.996              0.40925
     367.0                  2.0    2.007999999999996               0.4085
      53.0                  0.0               -2.004              0.40775
      23.0                  0.0               -2.002  0.40700000000000003
     311.0                  1.0 0.014000000000000679              0.40625
      78.0                  0.0  -2.0029999999999997  0.40549999999999997
     600.0                  0.0 -0.011000000000000003              0.40475
      29.0                  0.0               -1.996                0.404
      20.0                  0.0               -2.013              0.40325
     107.0                  3.0    4.009999999999996  0.40249999999999997
      21.0                  1.0 -0.005999999999998895              0.40175
       5.0                  0.0                 -2.0                0.401
      29.0                  0.0               -2.014              0.40025
     107.0                  1.0  0.02199999999999891  0.39949999999999997
     651.0                  1.0   2.0060000000000002              0.39875
     106.0                  4.0   6.0350000000000055                0.398
       6.0                  0.0               -2.001              0.39725
     175.0                  0.0               -2.002  0.39649999999999996
      30.0                  0.0               -2.005              0.39575
      58.0                  0.0  -2.0069999999999997                0.395
      26.0                  0.0  -1.9969999999999999              0.39425
     224.0                  2.0    2.029000000000003               0.3935
       8.0                  0.0  -1.9949999999999999              0.39275
     115.0                  0.0               -2.022                0.392
      72.0                  0.0  -2.0069999999999997              0.39125
     489.0                  0.0               -1.998               0.3905
      58.0                  1.0 0.008999999999999897              0.38975
       2.0                  0.0  -1.9989999999999999                0.389
     179.0                  0.0               -2.024              0.38825
     174.0                  4.0    6.041000000000006               0.3875
      93.0                  0.0               -2.016              0.38675
     408.0                  0.0  -2.0109999999999997                0.386
      54.0                  1.0 0.011000000000000565              0.38525
     219.0                  0.0               -1.996               0.3845
       7.0                  1.0 0.0039999999999995595              0.38375
      70.0                  2.0    2.024999999999999                0.383
      76.0                  0.0               -2.001              0.38225
     218.0                  4.0    6.025000000000009               0.3815
     316.0                  2.0                2.025              0.38075
      59.0                  0.0               -1.996                 0.38
     273.0                  1.0  0.00400000000000178              0.37925
      38.0                  0.0               -2.017               0.3785
      28.0                  0.0               -2.021  0.37775000000000003
     672.0                  3.0    4.049000000000003                0.377
      13.0                  0.0               -1.994              0.37625
      15.0                  0.0               -2.006               0.3755
     634.0                  2.0    4.012999999999999              0.37475
     156.0                  0.0  -1.9969999999999999                0.374
       9.0                  1.0 0.0019999999999997797  0.37324999999999997
     513.0                  2.0                2.014               0.3725
      11.0                  0.0                 -2.0              0.37175
     525.0                  2.0   2.0279999999999974                0.371
     129.0                  0.0                -2.01  0.37024999999999997
     123.0                  0.0               -1.996               0.3695
    1172.0                  3.0    4.034999999999995              0.36875
     149.0                  1.0 0.009999999999999787                0.368
     156.0                  4.0    6.056999999999997  0.36724999999999997
     109.0                  2.0   2.0259999999999985               0.3665
       1.0                  0.0               -2.002              0.36575
     166.0                  0.0               -2.005                0.365
      26.0                  0.0  -1.9949999999999999  0.36424999999999996
      87.0                  0.0               -2.006               0.3635
     155.0                  4.0                6.052              0.36275
     319.0                  2.0   2.0119999999999973                0.362
     497.0                  0.0               -2.026  0.36124999999999996
      36.0                  0.0  -1.9929999999999999               0.3605
      80.0                  0.0  -1.9789999999999999              0.35975
     324.0                  0.0  -1.9969999999999999                0.359
      43.0                  1.0 0.015999999999999126  0.35824999999999996
     380.0                  1.0 -0.0029999999999987814               0.3575
     230.0                  1.0 -0.0029999999999992255              0.35675
     603.0                  1.0   2.0000000000000004                0.356
      77.0                  0.0               -2.002              0.35525
     148.0                  2.0   2.0149999999999983  0.35450000000000004
     274.0                  0.0  -1.9869999999999999              0.35375
     306.0                  1.0 -0.0029999999999996696                0.353
     338.0                  2.0    1.998999999999997              0.35225
      55.0                  0.0               -2.012  0.35150000000000003
     147.0                  1.0 0.008000000000000895              0.35075
     414.0                  1.0 0.007000000000000117                 0.35
     209.0                  2.0    2.026000000000001              0.34925
      48.0                  0.0               -2.005  0.34850000000000003
       6.0                  1.0 0.001000000000000334              0.34775
      93.0                  1.0 0.008000000000000451                0.347
     450.0                  1.0  0.02899999999999947              0.34625
       2.0                  0.0               -2.001  0.34550000000000003
     200.0                  1.0 0.010999999999999233              0.34475
      22.0                  1.0 0.0030000000000001137                0.344
     134.0                  1.0 0.005000000000001226              0.34325
     106.0                  3.0    4.017000000000003               0.3425
      66.0                  0.0  -2.0029999999999997              0.34175
     595.0                  0.0                 -2.0  0.34099999999999997
      41.0                  0.0               -1.994              0.34025
       4.0                  0.0               -2.001               0.3395
     126.0                  1.0 0.020999999999997687              0.33875
     205.0                  0.0               -2.004  0.33799999999999997
      94.0                  0.0  -2.0029999999999997              0.33725
     139.0                  4.0    6.028000000000002               0.3365
      16.0                  0.0               -2.013              0.33575
     288.0                  4.0    6.027000000000001  0.33499999999999996
     348.0                  3.0    4.037000000000004              0.33425
       9.0                  0.0                -2.01               0.3335
      32.0                  1.0  0.01499999999999968              0.33275
     334.0                  3.0    4.027000000000001  0.33199999999999996
       6.0                  0.0  -1.9969999999999999              0.33125
      37.0                  0.0               -2.004               0.3305
       0.0                  0.0               -2.001              0.32975
      33.0                  0.0               -1.994  0.32899999999999996
      24.0                  0.0               -2.005              0.32825
      11.0                  0.0               -2.008               0.3275
     208.0                  2.0   2.0209999999999995              0.32675
      87.0                  1.0 4.440892098500626e-16  0.32599999999999996
      51.0                  2.0   2.0179999999999976              0.32525
     307.0                  1.0 0.009999999999999343               0.3245
     143.0                  1.0  0.01599999999999957              0.32375
     348.0                  1.0 0.005000000000001226                0.323
     415.0                  3.0    4.029999999999996  0.32225000000000004
     402.0                  1.0 0.009000000000000341               0.3215
     152.0                  4.0    6.033000000000007              0.32075
     117.0                  1.0 -0.0019999999999993356                 0.32
     173.0                  0.0               -2.006  0.31925000000000003
      78.0                  0.0               -2.005               0.3185
     201.0                  0.0               -2.002              0.31775
     102.0                  1.0 -0.012999999999998568                0.317
     645.0                  1.0 -0.005999999999998451  0.31625000000000003
      70.0                  0.0  -1.9889999999999999               0.3155
      68.0                  1.0   0.0229999999999988              0.31475
     360.0                  1.0 -0.010999999999998789                0.314
      52.0                  0.0  -1.9969999999999999  0.31325000000000003
       0.0                  0.0               -2.001               0.3125
     115.0                  2.0    2.021999999999998  0.31174999999999997
     354.0                  1.0 -0.0009999999999981135                0.311
     195.0                  0.0               -2.006              0.31025
      29.0                  1.0 0.0040000000000000036               0.3095
     189.0                  3.0    4.036000000000005  0.30874999999999997
     219.0                  1.0 0.002000000000001112                0.308
      10.0                  0.0               -2.009              0.30725
     513.0                  3.0    4.025999999999998               0.3065
      80.0                  1.0  0.02300000000000013  0.30574999999999997
      59.0                  2.0    2.035999999999999                0.305
     388.0                  0.0  -1.9909999999999999              0.30425
      31.0                  1.0 0.005999999999999783               0.3035
      79.0                  0.0               -2.004  0.30274999999999996
     145.0                  1.0 0.004000000000000892                0.302
     319.0                  2.0    2.017999999999994              0.30125
     134.0                  3.0    4.037000000000004               0.3005
     179.0                  0.0               -1.994  0.29974999999999996
      27.0                  1.0 0.009999999999999787                0.299
      62.0                  0.0               -2.005              0.29825
      98.0                  3.0    4.006999999999994               0.2975
     136.0                  1.0 0.009000000000000785  0.29674999999999996
      14.0                  0.0  -2.0109999999999997                0.296
       5.0                  0.0               -1.996              0.29525
      55.0                  2.0   2.0079999999999987               0.2945
      50.0                  0.0  -1.9849999999999999  0.29374999999999996
      15.0                  0.0               -2.004                0.293
      53.0                  0.0               -1.998              0.29225
      59.0                  2.0    2.013999999999999               0.2915
     176.0                  0.0  -1.9949999999999999              0.29075
      39.0                  0.0               -1.994  0.29000000000000004
      69.0                  1.0 0.002000000000000668              0.28925
     244.0                  3.0    4.016999999999998               0.2885
      62.0                  1.0 0.007000000000000561              0.28775
     210.0                  1.0 0.0030000000000005578  0.28700000000000003
      68.0                  1.0 0.028999999999998582              0.28625
     112.0                  0.0  -2.0109999999999997               0.2855
      96.0                  3.0    4.010999999999999              0.28475
      80.0                  1.0 -0.004999999999999005  0.28400000000000003
      18.0                  0.0  -1.9889999999999999              0.28325
     245.0                  4.0    6.040000000000001               0.2825
     143.0                  0.0               -2.002              0.28175
     146.0                  4.0    6.057000000000006                0.281
     147.0                  3.0    4.036000000000005              0.28025
      97.0                  0.0               -2.018  0.27949999999999997
      40.0                  1.0 0.026999999999999247              0.27875
     222.0                  1.0 0.003000000000001002                0.278
      70.0                  0.0  -2.0189999999999997              0.27725
      97.0                  3.0    4.022000000000006  0.27649999999999997
     172.0                  3.0    4.075000000000006              0.27575
     212.0                  3.0    4.025000000000004                0.275
     343.0                  0.0               -1.988              0.27425
     282.0                  1.0 0.0030000000000005578  0.27349999999999997
       4.0                  0.0               -2.001              0.27275
      55.0                  2.0   2.0199999999999982                0.272
      47.0                  0.0               -1.994              0.27125
      43.0                  2.0   2.0139999999999953  0.27049999999999996
     116.0                  1.0  0.02499999999999991              0.26975
     143.0                  0.0               -1.998                0.269
     147.0                  1.0  0.03199999999999781              0.26825
      66.0                  1.0 0.016999999999999904  0.26749999999999996
      25.0                  0.0               -1.998              0.26675
       1.0                  0.0               -2.002                0.266
      78.0                  1.0 -0.008999999999999009              0.26525
      18.0                  0.0  -1.9949999999999999  0.26449999999999996
      98.0                  1.0 0.030999999999997474              0.26375
      61.0                  0.0               -1.996                0.263
     117.0                  0.0               -2.008              0.26225
      15.0                  1.0 0.011999999999999567  0.26149999999999995
      79.0                  1.0 0.017999999999999794              0.26075
     202.0                  4.0    6.039000000000007                 0.26
      23.0                  1.0 8.881784197001252e-16              0.25925
      26.0                  0.0  -2.0069999999999997               0.2585
      35.0                  1.0 0.009999999999999787  0.25775000000000003
      72.0                  1.0  0.01499999999999968                0.257
     104.0                  5.0    8.034999999999995              0.25625
      54.0                  2.0   2.0089999999999972               0.2555
     105.0                  6.0   10.047999999999995  0.25475000000000003
      96.0                  0.0  -1.9969999999999999                0.254
     190.0                  0.0  -1.9809999999999999              0.25325
     102.0                  1.0 0.011000000000001009               0.2525
      56.0                  0.0               -2.009  0.25175000000000003
     149.0                  6.0    10.05399999999999                0.251
      80.0                  2.0   2.0410000000000017              0.25025
      56.0                  2.0   2.0309999999999975               0.2495
     231.0                  8.0   14.083999999999994  0.24874999999999997
      82.0                  2.0   2.0209999999999986                0.248
     175.0                  4.0    6.014000000000003  0.24724999999999997
      88.0                  2.0   2.0149999999999966               0.2465
     171.0                  4.0    6.052000000000014  0.24574999999999997
      31.0                  0.0               -1.986                0.245
     147.0                  4.0    6.036000000000012  0.24424999999999997
     107.0                  0.0               -1.996               0.2435
      94.0                  3.0                4.023  0.24275000000000002
      68.0                  2.0    2.023000000000001                0.242
     124.0                  5.0    8.054999999999996  0.24125000000000002
     280.0                 11.0    20.10700000000001               0.2405
      37.0                  2.0   2.0179999999999993  0.23975000000000002
     169.0                  4.0    6.058000000000003                0.239
      20.0                  0.0  -2.0029999999999997  0.23825000000000002
      88.0                  4.0   6.0329999999999995               0.2375
      78.0                  2.0   2.0189999999999997  0.23675000000000002
     252.0                  7.0   12.112999999999978                0.236
     246.0                  6.0   10.072999999999999  0.23525000000000001
      40.0                  1.0 -0.0009999999999994458               0.2345
     124.0                  0.0  -1.9749999999999999              0.23375
     181.0                  4.0    6.073999999999998  0.23299999999999998
      64.0                  4.0    6.048999999999998              0.23225
     177.0                  4.0    6.046000000000003  0.23149999999999998
     208.0                  6.0   10.086999999999993              0.23075
      38.0                  1.0 0.008999999999999453  0.22999999999999998
     108.0                  7.0   12.074999999999978              0.22925
     224.0                  7.0   12.124999999999968  0.22849999999999998
     158.0                  3.0    4.037000000000001              0.22775
     103.0                  6.0   10.063999999999995  0.22699999999999998
     255.0                  7.0   12.087999999999997              0.22625
     127.0                  5.0    8.059999999999997  0.22549999999999998
     111.0                  5.0    8.058000000000002              0.22475
      81.0                  2.0    2.034000000000004  0.22399999999999998
      78.0                  3.0   4.0570000000000075              0.22325
      64.0                  4.0    6.039000000000007  0.22249999999999998
     114.0                  5.0    8.066999999999993              0.22175
      17.0                  1.0 -0.011999999999998678  0.22099999999999997
     146.0                  5.0                8.065              0.22025
      36.0                  1.0 0.010999999999999233  0.21949999999999997
     145.0                  5.0    8.063999999999998              0.21875
      83.0                  0.0               -1.992  0.21799999999999997
     317.0                 11.0    20.11400000000005              0.21725
     119.0                  6.0   10.059999999999988  0.21649999999999997
      59.0                  4.0    6.043999999999999              0.21575
       0.0                  0.0               -2.001  0.21499999999999997
      67.0                  3.0                4.032              0.21425
     120.0                  4.0    6.053000000000004  0.21349999999999997
      48.0                  1.0 0.020999999999999908              0.21275
     118.0                  5.0    8.068999999999996  0.21199999999999997
     127.0                  1.0  0.02399999999999869              0.21125
      25.0                  0.0                -2.02  0.21050000000000002
     187.0                  4.0    6.072000000000013              0.20975
      91.0                  0.0                 -2.0  0.20900000000000002
      54.0                  2.0   2.0289999999999986              0.20825
     117.0                  3.0    4.070000000000006  0.20750000000000002
      37.0                  1.0 0.015999999999998682              0.20675
     135.0                  5.0    8.073999999999996  0.20600000000000002
     110.0                  3.0   4.0510000000000055              0.20525
     209.0                  7.0   12.107999999999985  0.20450000000000002
      89.0                  3.0    4.040000000000003              0.20375
       4.0                  0.0               -2.005                0.203
      49.0                  1.0  0.02399999999999869  0.20224999999999999
     135.0                  4.0    6.074000000000012               0.2015
     121.0                  6.0   10.059999999999997  0.20074999999999998
     160.0                  3.0    4.022999999999996                  0.2
     103.0                  2.0   2.0179999999999985  0.19924999999999998
     188.0                  9.0    16.12300000000001               0.1985
     152.0                  5.0    8.059000000000005  0.19774999999999998
     292.0                 11.0    20.15100000000004                0.197
     110.0                  6.0   10.060999999999986  0.19624999999999998
     145.0                  5.0    8.071999999999997               0.1955
       2.0                  0.0  -2.0029999999999997  0.19474999999999998
     470.0                 18.0    34.22500000000001                0.194
     248.0                 16.0    30.14900000000007  0.19324999999999998
     210.0                  5.0    8.075000000000001               0.1925
     117.0                  3.0    4.052000000000007  0.19174999999999998
      49.0                  1.0  0.01799999999999935                0.191
     114.0                  6.0   10.058999999999992  0.19024999999999997
      37.0                  1.0 0.026000000000000245               0.1895
      93.0                  3.0    4.054000000000004  0.18874999999999997
       4.0                  0.0  -1.9969999999999999                0.188
       3.0                  0.0               -1.998  0.18724999999999997
     314.0                  9.0   16.126999999999992               0.1865
     104.0                  2.0    2.045000000000003  0.18574999999999997
     354.0                 11.0    20.14700000000003                0.185
     185.0                  7.0   12.105999999999984  0.18424999999999997
      90.0                  6.0   10.050999999999993               0.1835
     193.0                  7.0   12.105999999999979  0.18274999999999997
     159.0                  5.0    8.075999999999997                0.182
      39.0                  1.0 0.016000000000000014  0.18124999999999997
      24.0                  1.0 0.020999999999999464               0.1805
      92.0                  4.0   6.0510000000000055  0.17975000000000002
      60.0                  2.0   2.0410000000000017                0.179
      81.0                  5.0    8.047999999999993  0.17825000000000002
      72.0                  3.0                4.039               0.1775
     219.0                  9.0    16.12800000000004  0.17675000000000002
       1.0                  0.0               -2.002                0.176
     171.0                  9.0   16.107999999999983  0.17525000000000002
      42.0                  0.0  -1.9849999999999999               0.1745
     170.0                  5.0    8.065000000000008  0.17375000000000002
     132.0                  2.0   2.0530000000000057                0.173
     211.0                  9.0    16.15199999999999  0.17225000000000001
      11.0                  0.0               -2.004  0.17149999999999999
     250.0                  8.0   14.127000000000011              0.17075
     200.0                  9.0   16.119000000000003  0.16999999999999998
      47.0                  3.0    4.038000000000006              0.16925
     148.0                  6.0   10.100999999999978  0.16849999999999998
     190.0                  7.0   12.112999999999985              0.16775
     168.0                  8.0   14.100999999999969  0.16699999999999998
     172.0                  7.0    12.11299999999998              0.16625
      66.0                  3.0    4.033000000000003  0.16549999999999998
     254.0                  4.0     6.04900000000001              0.16475
     222.0                  5.0    8.088999999999993  0.16399999999999998
     356.0                 16.0   30.173000000000062              0.16325
      84.0                  3.0    4.037000000000004  0.16249999999999998
     159.0                  7.0   12.113999999999981              0.16175
       1.0                  0.0                 -2.0  0.16099999999999998
     215.0                  7.0               12.104              0.16025
      57.0                  2.0   2.0280000000000062  0.15949999999999998
     220.0                  9.0    16.14299999999998              0.15875
      51.0                  4.0    6.032000000000004  0.15799999999999997
     219.0                  9.0   16.114000000000008              0.15725
      99.0                  4.0    6.074000000000009  0.15649999999999997
     133.0                  5.0    8.103999999999996              0.15575
      30.0                  2.0   2.0209999999999977  0.15499999999999997
     231.0                 12.0   22.116000000000046              0.15425
     321.0                  9.0   16.126000000000005  0.15349999999999997
      90.0                  6.0   10.072999999999988              0.15275
     130.0                  8.0   14.088999999999986  0.15199999999999997
     118.0                  7.0   12.066999999999995              0.15125
      35.0                  1.0  0.03199999999999692  0.15049999999999997
      42.0                  3.0   4.0169999999999995              0.14975
     322.0                 11.0   20.143000000000068  0.14899999999999997
     135.0                  5.0    8.083999999999998              0.14825
     138.0                  8.0   14.084999999999978  0.14750000000000002
      97.0                  5.0    8.079999999999998              0.14675
     121.0                  4.0    6.073999999999996  0.14600000000000002
     136.0                  3.0    4.073000000000011              0.14525
      55.0                  3.0    4.036000000000005  0.14450000000000002
     481.0                 20.0    38.30399999999996              0.14375
     217.0                 12.0    22.14200000000006  0.14300000000000002
     422.0                 10.0    18.15900000000003              0.14225
      19.0                  1.0 0.014000000000000234  0.14150000000000001
     222.0                 11.0    20.12300000000001              0.14075
     348.0                 13.0   24.159000000000074                 0.14
     214.0                 11.0    20.15900000000004  0.13924999999999998
     148.0                  8.0   14.098999999999966               0.1385
      54.0                  5.0    8.044999999999993  0.13774999999999998
     359.0                 16.0   30.194000000000077                0.137
      50.0                  2.0   2.0370000000000013  0.13624999999999998
      28.0                  0.0  -1.9789999999999999               0.1355
     120.0                  8.0   14.084999999999988  0.13474999999999998
     114.0                  5.0    8.084999999999999                0.134
      88.0                  8.0   14.082999999999982  0.13324999999999998
      66.0                  1.0  0.04699999999999749               0.1325
     250.0                 12.0   22.147000000000062  0.13174999999999998
      59.0                  1.0 0.035999999999998256                0.131
      28.0                  1.0 0.022999999999998355  0.13024999999999998
     176.0                 11.0   20.115000000000016               0.1295
      22.0                  1.0 0.017000000000000348  0.12874999999999998
     110.0                  4.0    6.065000000000003                0.128
     164.0                  5.0    8.098999999999997  0.12724999999999997
     599.0                 17.0   32.214000000000034               0.1265
     119.0                  5.0    8.081999999999994  0.12574999999999997
      42.0                  2.0   2.0349999999999997                0.125
     357.0                 13.0   24.238000000000053  0.12424999999999997
     134.0                  5.0    8.078999999999988               0.1235
     224.0                  8.0   14.145000000000001  0.12274999999999997
     214.0                 12.0   22.131000000000054                0.122
     118.0                  7.0    12.07299999999999  0.12124999999999997
      82.0                  4.0    6.043000000000005               0.1205
     153.0                  5.0    8.073999999999993  0.11974999999999997
     578.0                 24.0    46.28299999999992                0.119
      99.0                  5.0    8.070000000000002  0.11824999999999997
      74.0                  4.0    6.059000000000006               0.1175
      41.0                  5.0                8.032  0.11674999999999996
     319.0                 15.0   28.230000000000086  0.11599999999999999
     401.0                 16.0    30.19600000000008  0.11525000000000002
     116.0                  7.0   12.090999999999989  0.11449999999999999
     228.0                 14.0    26.17100000000009  0.11375000000000002
     114.0                  4.0    6.077000000000009  0.11299999999999999
     171.0                  8.0   14.093999999999989  0.11225000000000002
      26.0                  1.0 0.012999999999998568  0.11149999999999999
      23.0                  0.0                -1.98  0.11075000000000002
      73.0                  4.0    6.062000000000015  0.10999999999999999
     108.0                  5.0     8.07099999999999  0.10925000000000001
     346.0                 16.0    30.22100000000012  0.10849999999999999
      14.0                  0.0  -1.9889999999999999  0.10775000000000001
     264.0                 14.0   26.187000000000054  0.10699999999999998
     198.0                  9.0   16.111000000000008  0.10625000000000001
     330.0                 16.0     30.1910000000001  0.10549999999999998
     104.0                  5.0                8.045  0.10475000000000001
     121.0                  6.0    10.07999999999999  0.10399999999999998
     233.0                 11.0   20.162000000000027  0.10325000000000001
     306.0                 15.0   28.165000000000102  0.10249999999999998
     144.0                 10.0   18.101000000000017  0.10175000000000001
     555.0                 18.0    34.30000000000005  0.10099999999999998
     180.0                  9.0    16.09499999999999              0.10025
      11.0                  0.0               -1.994  0.09949999999999998
     340.0                 15.0   28.233000000000125              0.09875
      96.0                  5.0    8.056999999999995  0.09799999999999998
     127.0                 10.0   18.108000000000004              0.09725
     205.0                  8.0   14.093999999999975  0.09649999999999997
      66.0                  4.0    6.061000000000011              0.09575
     122.0                  7.0   12.092999999999984  0.09499999999999997
      88.0                  6.0   10.066999999999997              0.09425
     106.0                  6.0   10.082999999999984  0.09349999999999997
     153.0                  8.0   14.091999999999983              0.09275
       1.0                  0.0               -2.002  0.09199999999999997
     231.0                 13.0    24.13000000000007              0.09125
     167.0                 10.0   18.126000000000026  0.09049999999999997
     418.0                 19.0    36.24100000000001              0.08975
      26.0                  1.0 0.009000000000000785  0.08899999999999997
      77.0                  4.0    6.044000000000004              0.08825
     125.0                  6.0   10.089999999999993  0.08749999999999997
     252.0                 12.0   22.151000000000046              0.08675
     298.0                 13.0   24.197000000000106  0.08599999999999997
     117.0                  6.0   10.089999999999971  0.08524999999999999
      41.0                  2.0    2.034000000000001  0.08449999999999996
     120.0                  5.0                8.091  0.08374999999999999
     473.0                 21.0    40.27999999999988  0.08300000000000002
       0.0                  0.0               -2.001  0.08224999999999999
      35.0                  4.0    6.022000000000004  0.08150000000000002
      32.0                  3.0   4.0169999999999995  0.08074999999999999
      19.0                  2.0   2.0179999999999985  0.08000000000000002
     264.0                 10.0    18.13700000000002  0.07924999999999999
     297.0                 16.0   30.210000000000075  0.07850000000000001
      72.0                  4.0    6.061000000000007  0.07774999999999999
     435.0                 20.0   38.287999999999904  0.07700000000000001
     464.0                 21.0    40.28699999999996  0.07624999999999998
     286.0                 12.0   22.199000000000026  0.07550000000000001
     493.0                 16.0   30.220000000000123  0.07474999999999998
     345.0                 15.0   28.244000000000092  0.07400000000000001
      97.0                  4.0   6.0520000000000085  0.07324999999999998
     423.0                 19.0    36.27199999999994  0.07250000000000001
     361.0                 13.0   24.248000000000086  0.07174999999999998
     134.0                  7.0    12.10699999999998  0.07100000000000001
     142.0                  7.0   12.118999999999987  0.07024999999999998
       9.0                  0.0               -1.992               0.0695
      77.0                  6.0    10.05999999999999  0.06874999999999998
     393.0                 19.0    36.31399999999997                0.068
     439.0                 18.0    34.19800000000006  0.06724999999999998
     154.0                  9.0   16.130999999999997               0.0665
      68.0                  7.0   12.056999999999984  0.06574999999999998
     644.0                 23.0    44.33499999999985                0.065
     261.0                 14.0   26.202000000000115  0.06424999999999997
     445.0                 21.0    40.34999999999993               0.0635
     527.0                 25.0    48.33999999999982  0.06274999999999997
     292.0                 16.0    30.22900000000008                0.062
     122.0                  5.0    8.082999999999982  0.06124999999999997
     371.0                 22.0   42.253999999999884               0.0605
     136.0                  8.0   14.100999999999976  0.05974999999999997
     648.0                 26.0    50.37099999999981                0.059
     592.0                 21.0    40.31899999999991  0.05824999999999997
     330.0                 12.0   22.213000000000093 0.057499999999999996
      85.0                  6.0   10.063999999999982  0.05674999999999997
     113.0                 10.0   18.092000000000002 0.055999999999999994
     343.0                 12.0   22.196000000000044 0.055249999999999966
     327.0                 16.0    30.27000000000014  0.05449999999999999
     190.0                 11.0   20.155000000000037 0.053749999999999964
     893.0                 32.0   62.449999999999726  0.05299999999999999
      47.0                  3.0    4.036000000000005  0.05224999999999996
     379.0                 15.0   28.202000000000115  0.05149999999999999
     302.0                 19.0    36.21100000000008  0.05075000000000002
     470.0                 21.0   40.286999999999914  0.04999999999999999
     193.0                 14.0   26.164000000000065 0.049250000000000016
     235.0                  9.0   16.136000000000003  0.04849999999999999
     168.0                 12.0   22.145000000000056 0.047750000000000015
     292.0                 21.0    40.17899999999995 0.046999999999999986
     377.0                 18.0    34.30000000000007  0.04625000000000001
      57.0                  4.0   6.0519999999999925 0.045499999999999985
     398.0                 20.0    38.23500000000002  0.04475000000000001
     635.0                 28.0   54.415999999999634 0.043999999999999984
      64.0                  3.0    4.055000000000005  0.04325000000000001
     751.0                 28.0   54.353999999999786  0.04249999999999998
     439.0                 19.0    36.28200000000004  0.04175000000000001
     460.0                 23.0   44.276999999999866  0.04099999999999998
     160.0                 12.0   22.135000000000062  0.04025000000000001
     388.0                 21.0    40.24699999999992  0.03949999999999998
     786.0                 32.0    62.44499999999962  0.03875000000000001
     291.0                 16.0    30.24400000000011  0.03799999999999998
     356.0                 17.0     32.2110000000001 0.037250000000000005
     416.0                 19.0    36.28299999999997  0.03649999999999998
     314.0                 21.0   40.268999999999934 0.035750000000000004
     837.0                 30.0    58.43599999999951 0.034999999999999976
     466.0                 21.0    40.25499999999997              0.03425
     220.0                 13.0   24.171000000000088 0.033499999999999974
     164.0                 10.0   18.151000000000014              0.03275
     361.0                 22.0    42.28399999999986  0.03199999999999997
     189.0                 12.0   22.172000000000004              0.03125
     297.0                 17.0   32.214000000000006  0.03049999999999997
     494.0                 25.0    48.38499999999975              0.02975
     292.0                 17.0     32.2110000000001  0.02899999999999997
    1084.0                 41.0    80.57300000000006 0.028249999999999997
       9.0                  0.0               -1.992  0.02749999999999997
     342.0                 17.0     32.2670000000001 0.026749999999999996
     559.0                 28.0   54.393999999999686 0.025999999999999968
     862.0                 34.0    66.33499999999968 0.025249999999999995
     506.0                 24.0   46.312999999999896 0.024499999999999966
     687.0                 30.0    58.43799999999968 0.023749999999999993
     239.0                 15.0    28.19400000000013 0.022999999999999965
     231.0                 18.0    34.20599999999999 0.022249999999999992
     626.0                 28.0    54.40499999999965 0.021499999999999964
     288.0                 20.0    38.22499999999999  0.02074999999999999
       4.0                  0.0  -1.9969999999999999 0.020000000000000018
     328.0                 18.0    34.20300000000009  0.01924999999999999
     122.0                  5.0    8.092999999999982 0.018500000000000016
     633.0                 29.0   56.381999999999664 0.017749999999999988
     361.0                 18.0   34.206000000000074 0.017000000000000015
     600.0                 29.0   56.370999999999654 0.016249999999999987
     132.0                  7.0   12.116999999999994 0.015500000000000014
     903.0                 38.0     74.5679999999999 0.014749999999999985
     567.0                 28.0   54.387999999999735 0.014000000000000012
    1063.0                 44.0    86.57000000000046 0.013249999999999984
     351.0                 17.0    32.22400000000004 0.012500000000000011
    1847.0                 49.0    96.66000000000078 0.011749999999999983
    1124.0                 37.0    72.56500000000004  0.01100000000000001
     968.0                 37.0    72.50299999999986 0.010249999999999981
     971.0                 40.0    78.59400000000011 0.009500000000000008
    1231.0                 40.0    78.47000000000013  0.00874999999999998
    1091.0                 37.0    72.49800000000009 0.008000000000000007
    1195.0                 44.0    86.61400000000026 0.007249999999999979
    1367.0                 43.0    84.57200000000019 0.006500000000000006
     790.0                 34.0    66.35099999999979 0.005749999999999977
     874.0                 37.0    72.45500000000014 0.0050000000000000044
    1348.0                 41.0    80.57900000000018 0.004249999999999976
     933.0                 41.0    80.46000000000019 0.003500000000000003
     418.0                 23.0    44.35299999999987 0.0027499999999999747
    2493.0                 55.0   108.70800000000102 0.0020000000000000018
     179.0                 10.0   18.143999999999995 0.0012499999999999734
    1690.0                 49.0    96.68700000000058 0.0005000000000000004
     624.0                 28.0    54.37899999999969                  0.0
     749.0                 34.0    66.53999999999978                  0.0
    1378.0                 48.0    94.71300000000092                  0.0
    1049.0                 40.0    78.53600000000014                  0.0
    1154.0                 44.0    86.59100000000049                  0.0
     581.0                 27.0   52.399999999999764                  0.0
    1024.0                 38.0    74.46899999999982                  0.0
    1276.0                 48.0    94.69500000000099                  0.0
     769.0                 31.0    60.37599999999963                  0.0
    1154.0                 45.0     88.4890000000003                  0.0
     752.0                 32.0   62.380999999999695                  0.0
    1662.0                 53.0   104.64500000000065                  0.0
     708.0                 34.0    66.45499999999966                  0.0
    2130.0                 44.0    88.60900000000018                  0.0
     678.0                 31.0    60.50499999999951                  0.0
     725.0                 36.0    70.52199999999984                  0.0
     710.0                 31.0   60.414999999999594                  0.0
     721.0                 31.0    60.30999999999972                  0.0
     664.0                 34.0    66.40299999999978                  0.0
     542.0                 27.0    52.37699999999983                  0.0
    1020.0                 36.0    70.44699999999996                  0.0
    1676.0                 47.0    92.61500000000049                  0.0
    1750.0                 51.0   100.53900000000063                  0.0
     821.0                 40.0    78.48199999999999                  0.0
     917.0                 43.0    84.61400000000026                  0.0
    1045.0                 47.0    92.59400000000045                  0.0
    2833.0                 64.0   126.85400000000169                  0.0
     707.0                 36.0                70.47                  0.0
    1769.0                 56.0   110.66000000000098                  0.0
     158.0                 10.0   18.153000000000027                  0.0
    1858.0                 53.0    104.6370000000008                  0.0
     296.0                 22.0   42.246999999999936                  0.0
    1051.0                 49.0    96.70600000000063                  0.0
     918.0                 39.0    76.56700000000008                  0.0
     547.0                 28.0   54.373999999999796                  0.0
    1225.0                 41.0    80.51200000000053                  0.0
     984.0                 43.0    84.59300000000042                  0.0
     547.0                 30.0     58.3899999999996                  0.0
    1048.0                 45.0    88.59500000000052                  0.0
    1715.0                 54.0   106.74600000000126                  0.0
    1038.0                 42.0     82.5150000000002                  0.0
     875.0                 42.0    82.59000000000027                  0.0
     636.0                 35.0               68.421                  0.0
    1440.0                 51.0   100.73700000000069                  0.0
     458.0                 32.0    62.31699999999956                  0.0
    1393.0                 48.0    94.65200000000054                  0.0
    1304.0                 46.0    90.55900000000057                  0.0
    1126.0                 45.0     88.6310000000004                  0.0
    1912.0                 56.0   110.74700000000122                  0.0
    1466.0                 50.0    98.68500000000077                  0.0
     451.0                 25.0   48.339999999999804                  0.0
     467.0                 29.0     56.3819999999997                  0.0
     681.0                 33.0    64.46399999999971                  0.0
     913.0                 45.0    88.60000000000038                  0.0
    1456.0                 49.0    96.72500000000065                  0.0
    1765.0                 57.0   112.73600000000118                  0.0
    1746.0                 50.0    98.67300000000077                  0.0
     937.0                 44.0     86.5260000000003                  0.0
    1850.0                 58.0   114.78100000000128                  0.0
    1947.0                 51.0   100.70600000000066                  0.0
     682.0                 32.0    62.40899999999953                  0.0
    2123.0                 55.0   108.80200000000124                  0.0
    1017.0                 39.0    76.46600000000005                  0.0
    1185.0                 43.0    84.55800000000038                  0.0
     888.0                 43.0    84.55700000000009                  0.0
    1366.0                 47.0    92.69500000000065                  0.0
     291.0                 18.0    34.23800000000006                  0.0
    2152.0                 54.0   108.76500000000092                  0.0
    2257.0                 66.0    130.8620000000018                  0.0
    1836.0                 55.0   108.76300000000111                  0.0
     456.0                 25.0    48.34099999999975                  0.0
     978.0                 45.0     88.5230000000005                  0.0
    2425.0                 68.0   134.87400000000167                  0.0
     972.0                 46.0    90.58300000000052                  0.0
    1236.0                 44.0    86.69100000000064                  0.0
     382.0                 23.0    44.30899999999997                  0.0
     417.0                 25.0    48.33199999999976                  0.0
     692.0                 30.0    58.43499999999958                  0.0
    1134.0                 49.0    96.69500000000068                  0.0
    1126.0                 43.0    84.64100000000019                  0.0
    1458.0                 47.0    92.61100000000017                  0.0
    1306.0                 47.0    92.60700000000057                  0.0
    1604.0                 61.0   120.78100000000133                  0.0
    1292.0                 45.0    88.58500000000048                  0.0
    1320.0                 48.0     94.6730000000006                  0.0
    1208.0                 45.0    88.61900000000044                  0.0
     520.0                 32.0   62.400999999999605                  0.0
    2035.0                 58.0   114.81800000000132                  0.0
    2662.0                 61.0    120.8910000000017                  0.0
    1782.0                 56.0   110.80700000000115                  0.0
    1128.0                 46.0    90.62300000000032                  0.0
    2341.0                 61.0   120.87600000000171                  0.0
    1805.0                 52.0   102.72200000000095                  0.0
    1092.0                 47.0    92.61900000000038                  0.0
     713.0                 34.0    66.52399999999967                  0.0
    2041.0                 63.0   124.86600000000146                  0.0
     981.0                 42.0               82.602                  0.0
    1425.0                 44.0    86.49600000000045                  0.0
    1352.0                 51.0   100.75100000000097                  0.0
    1038.0                 43.0    84.59500000000058                  0.0
    1874.0                 60.0   118.78700000000126                  0.0
    1961.0                 63.0   124.79800000000165                  0.0
    2284.0                 61.0   120.84300000000165                  0.0
    1817.0                 57.0   112.78800000000135                  0.0
    1369.0                 48.0    94.68400000000058                  0.0
    1540.0                 54.0   106.80500000000119                  0.0
    2362.0                 68.0   135.00100000000194                  0.0
    1170.0                 52.0     102.763000000001                  0.0
     483.0                 22.0    42.32399999999988                  0.0
     806.0                 43.0    84.56300000000024                  0.0
    1926.0                 55.0   108.71300000000079                  0.0
     882.0                 42.0    82.61900000000013                  0.0
     873.0                 39.0    76.49600000000024                  0.0
    1419.0                 54.0   106.76600000000089                  0.0
    2163.0                 58.0   114.74200000000113                  0.0
     764.0                 29.0    56.43699999999961                  0.0
    1623.0                 51.0   100.75800000000093                  0.0
    1361.0                 52.0   102.68400000000078                  0.0
    2233.0                 64.0   126.88400000000163                  0.0
     889.0                 43.0    84.61800000000014                  0.0
    1292.0                 55.0   108.75500000000123                  0.0
     999.0                 49.0     96.6700000000009                  0.0
    1318.0                 52.0   102.60300000000042                  0.0
     599.0                 30.0    58.47599999999959                  0.0
     485.0                 32.0    62.39599999999968                  0.0
    2097.0                 65.0   128.83800000000178                  0.0
    1943.0                 63.0    124.7540000000016                  0.0
    1496.0                 56.0   110.70100000000132                  0.0
    2374.0                 59.0   116.73900000000118                  0.0
     762.0                 36.0    70.47499999999988                  0.0
    1520.0                 58.0   114.80900000000169                  0.0
    1229.0                 52.0   102.68800000000095                  0.0
     413.0                 23.0    44.33399999999982                  0.0
     932.0                 46.0     90.6490000000004                  0.0
    1164.0                 53.0    104.6990000000013                  0.0
     474.0                 27.0   52.368999999999765                  0.0
    1838.0                 51.0   100.75300000000064                  0.0
    1387.0                 56.0   110.71000000000134                  0.0
    3383.0                 67.0    132.8380000000017                  0.0
    3199.0                 76.0   150.94200000000185                  0.0
     836.0                 40.0    78.58500000000014                  0.0
    1087.0                 45.0    88.54800000000029                  0.0
    1557.0                 51.0   100.75400000000089                  0.0
    1447.0                 55.0    108.7020000000012                  0.0
    1339.0                 53.0   104.76200000000081                  0.0
    1763.0                 62.0    122.8700000000015                  0.0
     955.0                 38.0     74.5220000000002                  0.0
    1831.0                 59.0   116.79000000000138                  0.0
    1336.0                 46.0    90.62700000000044                  0.0
    1135.0                 48.0    94.64400000000064                  0.0
    1036.0                 44.0    86.58700000000027                  0.0
    1065.0                 47.0    92.67800000000075                  0.0
    1021.0                 45.0    88.64000000000034                  0.0
    1654.0                 61.0   120.78700000000119                  0.0
    1602.0                 55.0   108.75500000000129                  0.0
     950.0                 39.0    76.63300000000027                  0.0
     339.0                 18.0    34.25800000000002                  0.0
    1037.0                 42.0    82.54600000000036                  0.0
    3299.0                 72.0     142.918000000002                  0.0
    1457.0                 53.0     104.698000000001                  0.0
    1702.0                 63.0   124.82700000000138                  0.0
     857.0                 45.0    88.60200000000061                  0.0
    1210.0                 46.0    90.67500000000078                  0.0
    1796.0                 57.0   112.85900000000102                  0.0
    1924.0                 59.0   116.79500000000127                  0.0
     581.0                 32.0    62.47399999999954                  0.0
     728.0                 33.0    64.50899999999963                  0.0
    2359.0                 65.0    128.9000000000021                  0.0
    1000.0                 49.0     96.6490000000009                  0.0
    1438.0                 55.0   108.70900000000123                  0.0
     491.0                 27.0    52.35999999999959                  0.0
     760.0                 40.0    78.56100000000026                  0.0
    2071.0                 55.0   108.70800000000088                  0.0
    2423.0                 69.0   136.97600000000176                  0.0
    1567.0                 48.0    94.59200000000057                  0.0
    1483.0                 53.0   104.69400000000098                  0.0
     800.0                 40.0    78.55300000000032                  0.0
     728.0                 40.0    78.58100000000006                  0.0
    1451.0                 53.0    104.7600000000011                  0.0
     358.0                 26.0   50.318999999999804                  0.0
     881.0                 42.0    82.51600000000018                  0.0
    1488.0                 54.0   106.59100000000093                  0.0
    2075.0                 63.0   124.82400000000138                  0.0
    1020.0                 44.0    86.66700000000041                  0.0
     886.0                 44.0    86.50100000000039                  0.0
    1235.0                 53.0   104.70800000000109                  0.0
    1732.0                 67.0     132.941000000002                  0.0
    1405.0                 52.0   102.63600000000072                  0.0
    1209.0                 61.0   120.81200000000135                  0.0
    1306.0                 49.0    96.63100000000071                  0.0
    1687.0                 62.0   122.66000000000132                  0.0
    1204.0                 41.0    80.62900000000042                  0.0
    1548.0                 54.0   106.83700000000135                  0.0
     184.0                 12.0   22.177000000000046                  0.0
    1700.0                 64.0   126.79300000000137                  0.0
     693.0                 36.0    70.48799999999994                  0.0
    2121.0                 67.0   132.93800000000192                  0.0
    1864.0                 64.0   126.84900000000167                  0.0
    1047.0                 50.0    98.71400000000109                  0.0
    1066.0                 45.0    88.62100000000041                  0.0
    1507.0                 57.0   112.80200000000119                  0.0
    1222.0                 55.0   108.72300000000102                  0.0
    1944.0                 65.0   128.84500000000145                  0.0
     780.0                 37.0    72.48700000000005                  0.0
    1023.0                 49.0     96.6120000000005                  0.0
    1602.0                 60.0   118.81100000000143                  0.0
     192.0                 14.0   26.167000000000083                  0.0
     957.0                 42.0    82.67400000000022                  0.0
    1774.0                 62.0   122.81900000000155                  0.0
    2650.0                 70.0   138.93500000000176                  0.0
     546.0                 30.0    58.45099999999963                  0.0
    1278.0                 51.0   100.63300000000072                  0.0
    1888.0                 64.0   126.93700000000169                  0.0
     884.0                 45.0    88.61300000000041                  0.0
    1213.0                 48.0    94.66600000000074                  0.0
    1157.0                 50.0    98.67800000000041                  0.0
    1043.0                 50.0    98.66400000000057                  0.0
    1614.0                 70.0   138.82900000000163                  0.0
    1933.0                 70.0    139.0200000000022                  0.0
     971.0                 41.0    80.58799999999987                  0.0
    1598.0                 66.0     130.867000000002                  0.0
    1916.0                 67.0   132.85100000000148                  0.0
      60.0                  4.0     6.05500000000001                  0.0
    1245.0                 54.0   106.67200000000109                  0.0
    1375.0                 51.0   100.59200000000085                  0.0
      92.0                  8.0   14.084999999999988                  0.0
     977.0                 46.0    90.61200000000044                  0.0
    1499.0                 59.0    116.7980000000012                  0.0
    1656.0                 54.0   106.72500000000093                  0.0
    1615.0                 65.0   128.83200000000147                  0.0
    1492.0                 54.0    106.7670000000011                  0.0
     423.0                 24.0    46.27399999999995                  0.0
     678.0                 34.0    66.51699999999971                  0.0
     587.0                 36.0    70.47599999999989                  0.0
    1628.0                 68.0    134.9470000000019                  0.0
    1237.0                 54.0   106.72400000000098                  0.0
    2240.0                 70.0   138.89300000000208                  0.0
    1374.0                 59.0    116.7790000000012                  0.0
     928.0                 45.0    88.53300000000046                  0.0
     945.0                 50.0    98.72200000000095                  0.0
     878.0                 46.0    90.54100000000058                  0.0
    1750.0                 64.0   126.74300000000153                  0.0
