
########################################################################## 
################################ Settings ################################ 
########################################################################## 

Note: Using exponential_ski_hill eps. decay. + distance to apple reward.

####### Environment settings ####### : 
screen_size: (600, 600)
snake_block_size: (30, 30)
grid_size: 20
apple_reward: 2.0
death_punishment: -2.0
closer_2_apple_reward: 0.0
longer_from_apple_punishment: -0.0


####### Hyperparameters ####### : 
batch_size: 128
 gamma: 0.99
 initial_epsilon: 1.0
 minimal_epsilon: 0.001
 epsilon_decay_rate: 0.0205
 target_update_frequency: 50
 learning_rate: 2e-05
 memory_size: 1000000
 n_episodes: 445
 
####### Optimizer ####### : 
Adam (
Parameter Group 0
    amsgrad: False
    betas: (0.9, 0.999)
    capturable: False
    eps: 1e-08
    foreach: None
    lr: 2e-05
    maximize: False
    weight_decay: 0
)

####### Loss function ####### : 
MSELoss()

####### Network structure #######: 
DeepQNetwork(
  (lin1): Linear(in_features=18, out_features=360, bias=True)
  (lin2): Linear(in_features=360, out_features=180, bias=True)
  (lin3): Linear(in_features=180, out_features=4, bias=True)
  (rectifier): ReLU()
)

########################################################################## 
################################## DATA ################################## 
########################################################################## 
    steps:              scores:             rewards:             epsilon:
      21.0                  0.0                 -2.0                  1.0
      36.0                  0.0                 -2.0                  1.0
      20.0                  0.0                 -2.0                  1.0
      19.0                  0.0                 -2.0                  1.0
       5.0                  0.0                 -2.0                  1.0
      39.0                  0.0                 -2.0   0.9872533573555715
      21.0                  0.0                 -2.0   0.9852188092967104
       4.0                  0.0                 -2.0   0.9831017317555452
      11.0                  0.0                 -2.0   0.9808953760361179
       1.0                  0.0                 -2.0   0.9785947901374838
      26.0                  0.0                 -2.0    0.976196108788829
       6.0                  0.0                 -2.0   0.9736961741087251
      79.0                  1.0                  0.0   0.9710923189261557
      35.0                  0.0                 -2.0   0.9683822366623697
      59.0                  0.0                 -2.0   0.9655639002047175
      15.0                  0.0                 -2.0   0.9626355099202843
      12.0                  0.0                 -2.0   0.9595954597203764
       3.0                  0.0                 -2.0   0.9564423146881555
       1.0                  0.0                 -2.0   0.9531747963209583
      12.0                  0.0                 -2.0   0.9497917729005867
      31.0                  0.0                 -2.0   0.9462922533774426
      21.0                  0.0                 -2.0   0.9426753836919799
      33.0                  0.0                 -2.0   0.9389404447975164
      79.0                  0.0                 -2.0   0.9350868518695832
       1.0                  0.0                 -2.0   0.9311141543338299
      24.0                  1.0                  0.0    0.927022036444005
      27.0                  0.0                 -2.0   0.9228103182102381
      59.0                  0.0                 -2.0   0.9184789565261738
      11.0                  0.0                 -2.0   0.9140280463780692
       1.0                  0.0                 -2.0   0.9094578220441363
      54.0                  1.0                  0.0   0.9047686582110761
      22.0                  0.0                 -2.0   0.8999610709488504
      85.0                  1.0                  0.0   0.8950357184956101
      51.0                  0.0                 -2.0   0.8899934018132756
      33.0                  0.0                 -2.0   0.8848350648811735
     113.0                  0.0                 -2.0   0.8795617947008657
      40.0                  0.0                 -2.0   0.8741748209901469
      73.0                  0.0                 -2.0   0.8686755155484049
       0.0                  0.0                 -2.0   0.8630653912792801
      41.0                  0.0                 -2.0   0.8573461008599548
      41.0                  0.0                 -2.0   0.8515194350495356
      19.0                  0.0                 -2.0   0.8455873206319209
      39.0                  0.0                 -2.0   0.8395518179913104
       6.0                  0.0                 -2.0   0.8334151183211516
      16.0                  0.0                 -2.0   0.8271795404698308
      57.0                  0.0                 -2.0   0.8208475274288332
      29.0                  0.0                 -2.0   0.8144216424713946
      25.0                  1.0                  0.0   0.8079045649518781
       0.0                  0.0                 -2.0   0.8012990857781986
      96.0                  2.0                  2.0   0.7946081025715982
      78.0                  1.0                  0.0   0.7878346145299351
      52.0                  1.0                  0.0   0.7809817170123755
     117.0                  0.0                 -2.0   0.7740525958649652
     203.0                  2.0                  2.0   0.7670505215080025
       3.0                  0.0                 -2.0   0.7599788428074197
      40.0                  1.0                  0.0   0.7528409807535043
      23.0                  0.0                 -2.0   0.7456404219712508
      48.0                  0.0                 -2.0   0.7383807120874154
      37.0                  0.0                 -2.0   0.7310654489799534
      37.0                  1.0                  0.0   0.7236982759359509
       2.0                  0.0                 -2.0   0.7162828747444099
      16.0                  0.0                 -2.0   0.7088229587503188
      22.0                  0.0                 -2.0   0.7013222658963361
      34.0                  1.0                  0.0   0.6937845517781476
      50.0                  0.0                 -2.0    0.686213582739104
      53.0                  0.0                 -2.0   0.6786131290291642
       1.0                  0.0                 -2.0   0.6709869580524088
      86.0                  2.0                  2.0   0.6633388277265081
     150.0                  4.0                  6.0   0.6556724799765036
      29.0                  1.0                  0.0   0.6479916343841339
       1.0                  0.0                 -2.0   0.6402999820126855
      76.0                  1.0                  0.0     0.63260117942602
       0.0                  0.0                 -2.0   0.6248988429190103
      23.0                  1.0                  0.0   0.6171965429751393
      23.0                  1.0                  0.0   0.6094977989654812
     111.0                  1.0                  0.0   0.6018060741017158
     115.0                  4.0                  6.0   0.5941247706542255
     136.0                  2.0                  2.0   0.5864572254447221
      39.0                  0.0                 -2.0   0.5788067056212373
     124.0                  2.0                  2.0    0.571176404721724
       0.0                  0.0                 -2.0   0.5635694390309383
     343.0                  4.0                  6.0   0.5559888442337437
     139.0                  3.0                  4.0   0.5484375723664877
      43.0                  0.0                 -2.0    0.540918489066665
     178.0                  0.0                 -2.0   0.5334343711197117
      22.0                  1.0                  0.0   0.5259879043004674
       1.0                  0.0                 -2.0   0.5185816815056131
      13.0                  0.0                 -2.0   0.5112182011722507
      98.0                  1.0                  0.0   0.5038998659767103
     107.0                  1.0                  0.0   0.4966289818067111
      90.0                  2.0                  2.0   0.4894077569990982
     305.0                  4.0                  6.0   0.4822383018345831
     127.0                  2.0                  2.0  0.47512262828021423
      39.0                  1.0                  0.0   0.4680626499696731
      99.0                  1.0                  0.0   0.4610601824109719
     125.0                  2.0                  2.0   0.4541169434106806
     142.0                  4.0                  6.0  0.44723455370345927
      40.0                  1.0                  0.0   0.4404145377753885
     135.0                  4.0                  6.0   0.4336583248693957
     177.0                  5.0                  8.0   0.4269672501609552
     336.0                  4.0                  6.0   0.4203425560921781
      96.0                  4.0                  6.0   0.4137853938524282
      26.0                  1.0                  0.0  0.40729682499366804
       0.0                  0.0                 -2.0   0.4008778231688716
      96.0                  4.0                  6.0  0.39452927598202087
      90.0                  0.0                 -2.0  0.38825198693842955
      47.0                  0.0                 -2.0   0.3820466774844117
     186.0                  8.0                 14.0  0.37591398912561474
     102.0                  2.0                  2.0   0.3698544856136779
     198.0                  3.0                  4.0    0.363868655191249
     190.0                  3.0                  4.0   0.3579569128857737
     201.0                  6.0                 10.0   0.3521196028428937
     101.0                  6.0                 10.0  0.34635700069070574
     105.0                  2.0                  2.0  0.34066931592657995
      94.0                  1.0                  0.0   0.3350566943186734
     227.0                  4.0                  6.0  0.32951922031473496
      77.0                  2.0                  2.0   0.3240569194512416
      60.0                  0.0                 -2.0  0.31866976075636383
     129.0                  5.0                  8.0  0.31335765914070596
      59.0                  6.0                 10.0   0.3081204777702064
      41.0                  1.0                  0.0   0.3029580304160241
     126.0                  0.0                 -2.0    0.297870083776657
      81.0                  4.0                  6.0   0.2928563597679609
     209.0                  2.0                  2.0  0.28791653777712983
      74.0                  5.0                  8.0   0.2830502568770972
      58.0                  2.0                  2.0  0.27825711799818836
      64.0                  2.0                  2.0   0.2735366860542111
      85.0                  4.0                  6.0   0.2688884920205186
      74.0                  5.0                  8.0  0.26431203496190614
     104.0                  4.0                  6.0  0.25980678400851087
     101.0                  3.0                  4.0  0.25537218027817915
     253.0                  6.0                 10.0   0.2510076387440458
     129.0                  4.0                  6.0  0.24671255004632345
     235.0                 12.0                 22.0  0.24248628224755314
      72.0                  4.0                  6.0  0.23832818253078375
     187.0                  9.0                 16.0  0.23423757884037133
      64.0                  4.0                  6.0  0.23021378146527507
      50.0                  1.0                  0.0  0.22625608456491206
      36.0                  2.0                  2.0  0.22236376763780036
      42.0                  1.0                  0.0  0.21853609693336648
     138.0                  4.0                  6.0   0.2147723268074388
      87.0                  4.0                  6.0   0.2110717010220638
      20.0                  1.0                  0.0  0.20743345399040503
     420.0                 15.0                 28.0  0.20385681196757907
     131.0                  6.0                 10.0   0.2003409941883712
      61.0                  2.0                  2.0  0.19688521395285966
      38.0                  1.0                  0.0  0.19348867966103564
      72.0                  4.0                  6.0   0.1901505957975769
       0.0                  0.0                 -2.0  0.18687016386797323
     133.0                  7.0                 12.0  0.18364658328725084
     141.0                  8.0                 14.0  0.18047905222257582
      94.0                  6.0                 10.0  0.17736676839104126
      68.0                  4.0                  6.0  0.17430892981396912
     105.0                  5.0                  8.0  0.17130473552906578
     144.0                  6.0                 10.0  0.16835338626178636
      66.0                  7.0                 12.0  0.16545408505726103
     199.0                  8.0                 14.0   0.1626060378741392
     222.0                  6.0                 10.0  0.15980845414170117
     131.0                  9.0                 16.0   0.1570605472815793
     312.0                 14.0                 26.0   0.1543615351954163
     388.0                  9.0                 16.0  0.15171064071977491
     115.0                  5.0                  8.0  0.14910709204959421
     120.0                  4.0                  6.0  0.14655012313146665
     164.0                  7.0                 12.0  0.14403897402798976
     113.0                  3.0                  4.0  0.14157289125441697
     490.0                 13.0                 24.0  0.13915112808881042
     182.0                  9.0                 16.0  0.13677294485687036
     190.0                  6.0                 10.0   0.1344376091925837
     218.0                  6.0                 10.0   0.1321443962758086
      29.0                  1.0                  0.0  0.12989258904787906
      75.0                  6.0                 10.0  0.12768147840628394
     104.0                  4.0                  6.0  0.12551036337944216
     118.0                  5.0                  8.0  0.12337855128256636
     213.0                  3.0                  4.0   0.1212853578555708
     221.0                 12.0                 22.0  0.11923010738395605
     269.0                  8.0                 14.0  0.11721213280356041
     137.0                  7.0                 12.0  0.11523077579004447
     284.0                  9.0                 16.0  0.11328538683394437
     125.0                  4.0                  6.0   0.1113753253020887
     512.0                 11.0                 20.0  0.10949995948615919
     579.0                 18.0                 34.0  0.10765866663912843
     166.0                  7.0                 12.0  0.10585083300029259
     135.0                  4.0                  6.0  0.10407585380957897
     298.0                  7.0                 12.0  0.10233313331178558
     138.0                  4.0                  6.0  0.10062208475137754
     155.0                  0.0                 -2.0  0.09894213035844332
     546.0                  5.0                  8.0  0.09729270132638293
     278.0                  7.0                 12.0  0.09567323778187843
      98.0                  4.0                  6.0  0.09408318874766904
      68.0                  4.0                  6.0  0.09252201209863262
     752.0                 21.0                 40.0  0.09098917451164845
     129.0                  6.0                 10.0  0.08948415140969643
     262.0                 10.0                 18.0  0.08800642690062424
     226.0                 11.0                 20.0  0.08655549371099451
     498.0                  6.0                 10.0  0.08513085311540189
      55.0                  1.0                  0.0  0.08373201486163238
     453.0                  7.0                 12.0   0.0823584970920162
     529.0                  4.0                  6.0  0.08100982626130897
     108.0                  5.0                  8.0  0.07968553705141862
       4.0                  0.0                 -2.0  0.07838517228327616
     112.0                  7.0                 12.0  0.07710828282613659
     791.0                 19.0                 36.0  0.07585442750457612
     421.0                 20.0                 38.0  0.07462317300343978
     436.0                  7.0                 12.0  0.07341409377098115
     137.0                  7.0                 12.0  0.07222677192041478
     898.0                 25.0                 48.0   0.0710607971301003
     372.0                 10.0                 18.0  0.06991576654255256
     493.0                 13.0                 24.0  0.06879128466247142
     603.0                  1.0                  2.0  0.06768696325396346
     401.0                 20.0                 38.0  0.06660242123712579
      48.0                  5.0                  8.0  0.06553728458414516
     161.0                 11.0                 20.0  0.06449118621505978
     236.0                  8.0                 14.0   0.0634637658933196
     697.0                  5.0                 10.0 0.062454670121273786
     350.0                 17.0                 32.0 0.061463552035703285
     201.0                  8.0                 14.0  0.06049007130351091
     429.0                 19.0                 36.0  0.05953389401767145
     998.0                 38.0                 74.0  0.05859469259353828
      69.0                  5.0                  8.0  0.05767214566559586
     884.0                  2.0                  4.0  0.05676593798474062
     391.0                 12.0                 22.0 0.055875760316166735
     109.0                  5.0                  8.0  0.05500130933792703
     589.0                 20.0                 38.0  0.05414228754023463
     479.0                 18.0                 34.0  0.05329840312556436
     517.0                 28.0                 54.0  0.05246936990960876
     108.0                  9.0                 16.0  0.05165490722313909
     460.0                 20.0                 38.0  0.05085473981481612
      55.0                  4.0                  6.0  0.05006859775499229
     468.0                  4.0                  6.0  0.04929621634054256
     377.0                  9.0                 16.0  0.04853733600075757
     702.0                  9.0                 18.0  0.04779170220432895
     351.0                 17.0                 32.0  0.04705906536745314
      82.0                  8.0                 14.0   0.0463391807630783
     420.0                  6.0                 10.0 0.045631808431313224
     719.0                 13.0                 24.0  0.04493671309101826
     800.0                 36.0                 70.0  0.04425366405259154
     831.0                 29.0                 56.0 0.043582435131964345
     377.0                 22.0                 42.0  0.04292280456581607
     336.0                 14.0                 26.0  0.04227455492801674
     294.0                 15.0                 28.0 0.041637473047304446
     792.0                 35.0                 68.0  0.04101134992620087
     673.0                 29.0                 56.0 0.040395980661168854
      86.0                  5.0                  8.0  0.03979116436401299
     492.0                 29.0                 56.0  0.03919670408452238
     291.0                 18.0                 34.0  0.03861240673435455
     547.0                 27.0                 52.0 0.038038083012156665
     105.0                  5.0                  8.0  0.03747354732992114
     486.0                 29.0                 56.0  0.03691861774056864
    1514.0                 48.0                 94.0  0.03637311586675352
     330.0                 20.0                 38.0  0.03583686683088351
     550.0                 24.0                 46.0  0.03530969918634588
    1064.0                 35.0                 68.0   0.0347914448499309
     115.0                  8.0                 14.0  0.03428193903544278
     757.0                 38.0                 74.0  0.03378102018848786
     812.0                 42.0                 82.0  0.03328852992242916
    1158.0                 38.0                 74.0    0.032804312955495
     280.0                 16.0                 30.0  0.03232821704903042
     943.0                 35.0                 68.0 0.031860092946878506
     165.0                  5.0                  8.0  0.03139979431587864
     536.0                 25.0                 48.0 0.030947177687468352
     332.0                  7.0                 12.0 0.030502102400375118
     655.0                 29.0                 56.0  0.03006443054438462
      46.0                  4.0                  6.0 0.029634026905170537
     173.0                  4.0                  6.0 0.029210758910172153
     166.0                 10.0                 18.0 0.028794496575505063
     264.0                 16.0                 30.0  0.02838511245388991
     486.0                 29.0                 56.0 0.027982481583585038
     124.0                  5.0                  8.0 0.027586481438307393
     791.0                 23.0                 44.0 0.027196991878127443
     450.0                 24.0                 46.0 0.026813895101322257
     437.0                 21.0                 40.0 0.026437075597172476
     553.0                 27.0                 52.0 0.026066420099687692
     533.0                 24.0                 46.0 0.025701817542245174
    1253.0                 49.0                 96.0 0.025343159013127014
     682.0                 26.0                 50.0 0.024990337711940924
     689.0                 28.0                 54.0 0.024643248906909426
     754.0                 32.0                 62.0 0.024301789893012484
     857.0                 37.0                 72.0  0.02396585995096968
      32.0                  3.0                  4.0 0.023635360307046042
     382.0                 21.0                 40.0 0.023310194093667986
     370.0                 22.0                 42.0  0.02299026631083431
     331.0                 23.0                 44.0 0.022675483788308276
     270.0                 18.0                 34.0  0.02236575514857667
     396.0                 19.0                 36.0 0.022060990770561045
    1042.0                 42.0                 82.0 0.021761102754068503
     152.0                  9.0                 16.0  0.02146600488496709
     122.0                  4.0                  6.0 0.021175612601073084
     349.0                 24.0                 46.0 0.020889842958736127
     775.0                 37.0                 72.0  0.02060861460010937
    1368.0                 54.0                106.0 0.020331847721091454
     890.0                 41.0                 80.0 0.020059464039927154
     952.0                 30.0                 58.0 0.019791386766454516
     685.0                 31.0                 60.0 0.019527540571985195
    1471.0                 49.0                 96.0 0.019267851559806242
     264.0                 16.0                 30.0 0.019012247236290972
     567.0                 34.0                 66.0 0.018760656482606677
     162.0                 12.0                 22.0 0.018513009527007573
     446.0                 26.0                 50.0  0.01826923791770141
    1186.0                 45.0                 88.0 0.018029274496278135
     273.0                 16.0                 30.0 0.017793053371689304
     624.0                 36.0                 70.0 0.017560509894767314
     252.0                 16.0                 30.0  0.01733158063327356
     304.0                  9.0                 16.0 0.017106203347464488
    1184.0                 40.0                 78.0 0.016884316966165644
    1131.0                 50.0                 98.0  0.01666586156334245
     547.0                 33.0                 64.0 0.016450778335158657
     294.0                 12.0                 22.0 0.016239009577511437
     250.0                 16.0                 30.0  0.01603049866403391
      20.0                  1.0                  0.0 0.015825190024555465
     913.0                 39.0                 76.0 0.015623029124010167
     576.0                 29.0                 56.0 0.015423962441784015
     207.0                  5.0                  8.0  0.01522793745149223
     993.0                 42.0                 82.0  0.01503490260117726
     153.0                  9.0                 16.0 0.014844807293918964
     714.0                 40.0                 78.0 0.014657601868848302
     450.0                 27.0                 52.0  0.01447323758255608
     502.0                 29.0                 56.0 0.014291666590888645
     842.0                 33.0                 64.0 0.014112841931122038
     454.0                 27.0                 52.0 0.013936717504506979
     431.0                 24.0                 46.0 0.013763248059177034
    1108.0                 48.0                 94.0 0.013592389173411629
    1396.0                 45.0                 88.0 0.013424097239247281
      22.0                  1.0                  0.0 0.013258329446429046
     814.0                 36.0                 70.0 0.013095043766695392
     127.0                  8.0                 14.0 0.012934198938389155
     451.0                 26.0                 50.0 0.012775754451387903
     213.0                 15.0                 28.0 0.012619670532346826
     615.0                 33.0                 64.0 0.012465908130247526
     924.0                 38.0                 74.0 0.012314428902246256
     804.0                 34.0                 66.0 0.012165195199815175
     538.0                 28.0                 54.0  0.01201817005517056
     459.0                 27.0                 52.0 0.011873317167981571
     790.0                 33.0                 64.0 0.011730600892353883
     792.0                 35.0                 68.0  0.01158998622408236
     620.0                 36.0                 70.0 0.011451438788166648
     766.0                 34.0                 66.0 0.011314924826584503
     484.0                 28.0                 54.0 0.011180411186317282
    1533.0                 47.0                 92.0 0.011047865307622019
      69.0                  3.0                  4.0 0.010917255212545031
     915.0                 37.0                 72.0 0.010788549493671775
     815.0                 37.0                 72.0  0.01066171730310811
    3022.0                 61.0                122.0 0.010536728341687743
     832.0                 41.0                 80.0 0.010413552848401224
    1388.0                 47.0                 92.0 0.010292161590041884
    1038.0                 40.0                 78.0 0.010172525851063693
    1383.0                 54.0                106.0 0.010054617423646911
     550.0                 34.0                 66.0 0.009938408597966908
     744.0                 39.0                 76.0 0.009823872152661891
    1408.0                 50.0                 98.0 0.009710981345495154
     594.0                 27.0                 52.0 0.009599709904208019
     475.0                 26.0                 50.0 0.009490032017558981
     494.0                 30.0                 58.0 0.009381922326545455
    1022.0                 45.0                 88.0 0.009275355915804043
     297.0                 19.0                 36.0  0.00917030830518556
    1485.0                 41.0                 80.0 0.009066755441501134
    1662.0                 52.0                102.0 0.008964673690435677
    1554.0                 47.0                 92.0   0.0088640398286252
    1539.0                 53.0                104.0  0.00876483103589458
    1267.0                 46.0                 90.0 0.008667024887652128
     554.0                 35.0                 68.0 0.008570599347437875
     463.0                 28.0                 54.0  0.00847553275962224
     832.0                 37.0                 72.0 0.008381803842251737
     602.0                 30.0                 58.0 0.008289391680038899
     603.0                 33.0                 64.0 0.008198275717493058
     222.0                 17.0                 32.0 0.008108435752189152
    1497.0                 53.0                104.0  0.00801985192817169
     671.0                 43.0                 84.0  0.00793250472949087
     821.0                 36.0                 70.0   0.0078463749738681
     135.0                 11.0                 20.0 0.007761443806488336
    1256.0                 53.0                104.0 0.007677692693916268
     446.0                 31.0                 60.0 0.007595103418134076
     581.0                 34.0                 66.0 0.007513658070697856
    1314.0                 58.0                114.0 0.007433339047010535
    1664.0                 44.0                 88.0 0.007354129040708596
     477.0                 21.0                 40.0 0.007276011038160234
     230.0                 15.0                 28.0 0.007198968313072822
     372.0                 25.0                 48.0  0.00712298442120704
     951.0                 46.0                 90.0 0.007048043195195734
    1680.0                 52.0                102.0 0.006974128739465194
    1517.0                 57.0                112.0 0.006901225425256591
    1220.0                 47.0                 92.0 0.006829317885745706
     324.0                 22.0                 42.0 0.006758391011258682
    1400.0                 59.0                116.0 0.0066884299445819795
    1758.0                 62.0                122.0 0.006619420076364352
     388.0                 24.0                 46.0 0.006551347040609139
     372.0                 27.0                 52.0 0.006484196710254839
    1038.0                 53.0                104.0 0.006417955192842225
     390.0                 24.0                 46.0   0.0063526088262661
    1822.0                 61.0                120.0 0.0062881441746100355
    1870.0                 57.0                114.0 0.0062245480240623215
     446.0                 28.0                 54.0 0.006161807378911411
     857.0                 47.0                 92.0 0.006099909457619313
     723.0                 40.0                 78.0 0.006038841688971156
    1203.0                 47.0                 92.0 0.0059785917082995285
    1292.0                 48.0                 94.0 0.005919147353781915
     676.0                 36.0                 70.0 0.005860496662809835
    2705.0                 59.0                118.0 0.005802627868428027
     805.0                 43.0                 84.0 0.005745529395842493
     843.0                 42.0                 82.0 0.005689189858995689
     371.0                 25.0                 48.0 0.005633598057207777
    1373.0                 55.0                108.0 0.005578742971882333
    1825.0                 52.0                102.0 0.005524613763275349
    1676.0                 58.0                114.0 0.005471199767326163
    1715.0                 55.0                108.0 0.005418490492549058
     894.0                 36.0                 70.0 0.005366475616984317
     843.0                 42.0                 82.0 0.005315144985207459
     759.0                 39.0                 76.0 0.005264488605395564
    1204.0                 46.0                 90.0 0.005214496646449408
    1690.0                 63.0                124.0 0.0051651594351703805
     640.0                 35.0                 68.0 0.0051164674534909796
    1532.0                 48.0                 96.0  0.00506841133575789
    2602.0                 64.0                126.0 0.005020981866066475
     193.0                 16.0                 30.0 0.004974169975645732
     536.0                 34.0                 66.0  0.00492796674029259
     874.0                 39.0                 76.0 0.004882363377854722
     565.0                 30.0                 58.0 0.004837351245760653
     361.0                 23.0                 44.0 0.004792921838596417
     849.0                 41.0                 80.0 0.004749066785727755
    1142.0                 43.0                 84.0 0.004705777848966861
     892.0                 35.0                 68.0 0.0046630469202829225
     819.0                 39.0                 76.0 0.004620866019555463
    1548.0                 52.0                102.0 0.0045792272923696736
     565.0                 30.0                 58.0 0.004538123007852909
    1322.0                 49.0                 96.0 0.004497545556551472
    1144.0                 50.0                 98.0  0.00445748744834692
    2283.0                 69.0                136.0 0.004417941310411137
     999.0                 43.0                 84.0  0.00437889988519929
    1158.0                 50.0                 98.0 0.004340356028480061
    1284.0                 55.0                108.0 0.004302302707402266
    1895.0                 49.0                 98.0 0.004264732998597271
    1191.0                 52.0                102.0 0.0042276400863163945
     501.0                 32.0                 62.0 0.004191017260602652
     622.0                 34.0                 66.0 0.004154857915496178
     705.0                 40.0                 78.0 0.004119155547272591
    1216.0                 59.0                116.0 0.004083903752713757
    1150.0                 34.0                 68.0 0.004049096227410178
     304.0                 15.0                 28.0 0.004014726764094541
     471.0                 27.0                 52.0  0.00398078925100566
    1055.0                 53.0                104.0 0.003947277670282339
    1869.0                 56.0                112.0 0.003914186096386479
    3138.0                 73.0                144.0 0.0038815086945549076
     529.0                 29.0                 56.0 0.0038492397192793687
     313.0                 21.0                 40.0 0.0038173735128140926
    1800.0                 61.0                120.0 0.0037859045037104216
     731.0                 36.0                 70.0 0.003754827205377982
