
########################################################################## 
################################ Settings ################################ 
########################################################################## 

Note: Using linear eps. decay. + distance to apple reward.

####### Environment settings ####### : 
screen_size: (600, 600)
snake_block_size: (30, 30)
grid_size: 20
apple_reward: 2.0
death_punishment: -2.0
closer_2_apple_reward: 0.001
longer_from_apple_punishment: -0.001
max_iterations: 600


####### Hyperparameters ####### : 
batch_size: 128
 gamma: 0.99
 initial_epsilon: 0.25
 minimal_epsilon: 0.0
 epsilon_decay_rate: 0.0006
 target_update_frequency: 10
 learning_rate: 0.0001
 memory_size: 100000
 n_episodes: 650
 
####### Optimizer ####### : 
Adam (
Parameter Group 0
    amsgrad: False
    betas: (0.9, 0.999)
    capturable: False
    eps: 1e-08
    foreach: None
    lr: 0.0001
    maximize: False
    weight_decay: 0
)

####### Loss function ####### : 
MSELoss()

####### Network structure #######: 
DeepQNetwork(
  (lin1): Linear(in_features=18, out_features=540, bias=True)
  (lin2): Linear(in_features=540, out_features=270, bias=True)
  (lin3): Linear(in_features=270, out_features=4, bias=True)
  (rectifier1): ReLU()
)

########################################################################## 
################################## DATA ################################## 
########################################################################## 
    steps:              scores:             rewards:             epsilon:
       0.0                  0.0               -2.001                 0.25
      19.0                  0.0                -2.01                 0.25
      43.0                  0.0               -2.006                 0.25
      13.0                  0.0               -1.988                 0.25
      17.0                  0.0                -2.01                 0.25
       8.0                  0.0  -2.0069999999999997                 0.25
      20.0                  1.0 0.0030000000000005578                 0.25
       9.0                  0.0               -2.002               0.2458
       2.0                  0.0  -2.0029999999999997               0.2452
       1.0                  0.0               -2.002               0.2446
      21.0                  0.0               -1.996                0.244
       5.0                  0.0                 -2.0               0.2434
      52.0                  0.0  -1.9909999999999999               0.2428
       9.0                  0.0                -2.01               0.2422
      62.0                  2.0    2.016999999999998               0.2416
     222.0                  4.0    6.063000000000006                0.241
      64.0                  3.0    4.033000000000001               0.2404
     137.0                  3.0    4.048000000000004               0.2398
      41.0                  1.0 0.019999999999998685               0.2392
       7.0                  0.0               -1.998               0.2386
      22.0                  1.0 0.012999999999999012                0.238
     134.0                  5.0    8.085000000000003               0.2374
     100.0                  1.0  0.01100000000000012               0.2368
      58.0                  4.0    6.035000000000002               0.2362
     241.0                  4.0    6.088000000000003               0.2356
     263.0                  7.0   12.091999999999969                0.235
      65.0                  1.0  0.03799999999999715               0.2344
     291.0                  4.0    6.046000000000005               0.2338
     135.0                  1.0  0.01399999999999979               0.2332
     146.0                  1.0 0.020999999999999908               0.2326
     421.0                  7.0   12.121999999999975                0.232
     668.0                  5.0                8.063               0.2314
     613.0                  5.0    8.075999999999988               0.2308
    1323.0                  2.0   2.0580000000000056  0.23020000000000002
     235.0                  4.0                6.058               0.2296
     171.0                  2.0   2.0179999999999993                0.229
     162.0                  4.0    6.038999999999998               0.2284
     111.0                  4.0   6.0560000000000045               0.2278
     632.0                  5.0    8.098999999999991               0.2272
     116.0                  4.0    6.043000000000003               0.2266
     166.0                  0.0  -1.9949999999999999                0.226
     106.0                  0.0               -2.013               0.2254
       1.0                  0.0                 -2.0               0.2248
     344.0                  0.0  -1.9989999999999999               0.2242
     647.0                  1.0  0.03399999999999892               0.2236
     224.0                  4.0    6.046999999999997                0.223
    1084.0                  0.0  -1.9829999999999999  0.22240000000000001
     992.0                  2.0   2.0209999999999977               0.2218
     337.0                  7.0   12.107999999999981               0.2212
     308.0                  4.0    6.073000000000011               0.2206
      63.0                  0.0               -1.988                 0.22
     112.0                  6.0               10.059               0.2194
      40.0                  1.0 0.022999999999999243               0.2188
     697.0                 10.0   18.114000000000015               0.2182
      75.0                  2.0    2.044000000000002  0.21760000000000002
     322.0                  6.0   10.070999999999984                0.217
      28.0                  0.0  -1.9869999999999999               0.2164
     161.0                  4.0    6.064000000000007               0.2158
       1.0                  0.0                 -2.0               0.2152
      70.0                  1.0 0.022999999999997467               0.2146
     237.0                  7.0   12.111999999999993                0.214
     578.0                  6.0   10.080999999999996               0.2134
      61.0                  3.0    4.032000000000005               0.2128
     158.0                  0.0  -1.9929999999999999               0.2122
      99.0                  0.0               -1.988               0.2116
      11.0                  2.0   2.0079999999999987                0.211
     794.0                  0.0               -2.001               0.2104
     204.0                  6.0   10.074999999999973               0.2098
     352.0                  4.0    6.047000000000004               0.2092
      92.0                  1.0 0.022999999999998355               0.2086
     584.0                  2.0   2.0350000000000024  0.20800000000000002
      50.0                  1.0 0.014999999999999236               0.2074
     271.0                  7.0   12.097999999999983               0.2068
     236.0                  8.0   14.070999999999964               0.2062
     146.0                  6.0   10.054999999999993               0.2056
     243.0                  5.0    8.075999999999995  0.20500000000000002
     698.0                  7.0   12.086999999999975               0.2044
     403.0                 11.0    20.16600000000001               0.2038
     771.0                  9.0   16.136000000000017               0.2032
     815.0                 13.0    24.18400000000008               0.2026
    1626.0                  4.0    6.029000000000011                0.202
     541.0                  7.0   12.107999999999992               0.2014
     145.0                  3.0    4.044000000000004               0.2008
      12.0                  0.0  -1.9889999999999999               0.2002
     119.0                  0.0               -1.992               0.1996
       4.0                  0.0               -2.005                0.199
     303.0                  7.0   12.073999999999975  0.19840000000000002
     422.0                  3.0    4.047000000000002               0.1978
      13.0                  0.0                 -2.0  0.19720000000000001
     720.0                  3.0    4.049000000000003               0.1966
     759.0                 13.0   24.180000000000057                0.196
     304.0                  8.0   14.124999999999991  0.19540000000000002
     747.0                  8.0    14.15599999999998               0.1948
     455.0                  4.0    6.054000000000009               0.1942
      56.0                  1.0  0.03899999999999748               0.1936
     462.0                  9.0   16.141000000000002                0.193
     344.0                 11.0    20.16300000000003  0.19240000000000002
      43.0                  2.0                 2.02               0.1918
     197.0                  7.0    12.07199999999999               0.1912
     227.0                  7.0   12.077999999999996               0.1906
      21.0                  0.0                 -2.0                 0.19
     100.0                  4.0    6.040999999999997               0.1894
     292.0                  9.0               16.125               0.1888
      73.0                  5.0    8.033999999999995               0.1882
      48.0                  3.0    4.035000000000004               0.1876
      13.0                  0.0               -1.996                0.187
      46.0                  0.0  -1.9829999999999999               0.1864
     134.0                  6.0   10.076999999999984  0.18580000000000002
     151.0                  4.0    6.050000000000006               0.1852
     160.0                  7.0   12.118999999999978               0.1846
      30.0                  0.0  -1.9749999999999999                0.184
     112.0                  4.0   6.0649999999999995               0.1834
     173.0                  7.0   12.087999999999976  0.18280000000000002
     230.0                 10.0   18.119000000000018               0.1822
     327.0                  4.0    6.054000000000006               0.1816
       1.0                  0.0                 -2.0                0.181
     245.0                  5.0    8.048000000000002               0.1804
     131.0                  2.0   2.0339999999999976  0.17980000000000002
      53.0                  4.0    6.032000000000005  0.17920000000000003
     232.0                 12.0   22.109000000000027               0.1786
     342.0                  9.0   16.141000000000005                0.178
      80.0                  0.0  -1.9969999999999999               0.1774
      96.0                  5.0    8.052999999999994               0.1768
      85.0                  2.0   2.0439999999999974  0.17620000000000002
     147.0                  5.0    8.059999999999997               0.1756
     181.0                  4.0    6.054000000000006                0.175
     200.0                  7.0   12.098999999999979               0.1744
     104.0                  2.0    2.027000000000006               0.1738
     328.0                 14.0    26.17100000000003  0.17320000000000002
     218.0                  6.0   10.088999999999986               0.1726
      74.0                  5.0    8.032999999999998                0.172
      62.0                  2.0   2.0270000000000006               0.1714
      46.0                  2.0   2.0289999999999986               0.1708
     190.0                 10.0   18.093000000000007  0.17020000000000002
      68.0                  2.0   2.0229999999999966               0.1696
     124.0                  6.0   10.066999999999995                0.169
     152.0                  7.0   12.086999999999977               0.1684
      37.0                  0.0               -1.986               0.1678
      43.0                  1.0 0.021999999999999353  0.16720000000000002
     254.0                  5.0    8.081000000000001  0.16660000000000003
     127.0                  1.0    0.002000000000002                0.166
     316.0                  7.0   12.128999999999982               0.1654
     182.0                  6.0    10.10099999999998               0.1648
     295.0                  8.0    14.12199999999997               0.1642
     289.0                 12.0    22.21800000000004  0.16360000000000002
     144.0                  2.0   2.0249999999999964                0.163
     157.0                  6.0   10.079999999999986               0.1624
     206.0                  7.0   12.082999999999986               0.1618
       2.0                  0.0  -1.9989999999999999               0.1612
     406.0                 11.0   20.121000000000034  0.16060000000000002
     321.0                 12.0   22.140000000000022                 0.16
      39.0                  1.0 8.881784197001252e-16  0.15940000000000001
     557.0                 16.0   30.196000000000016               0.1588
     481.0                  9.0   16.122000000000007               0.1582
     350.0                  8.0   14.126999999999962  0.15760000000000002
       0.0                  0.0               -2.001  0.15700000000000003
      85.0                  4.0     6.06200000000001               0.1564
     606.0                  2.0    2.034999999999998               0.1558
     243.0                 11.0    20.11000000000002               0.1552
      84.0                  4.0    6.059000000000005  0.15460000000000002
     314.0                  6.0   10.106999999999987  0.15400000000000003
      27.0                  1.0 0.018000000000000238               0.1534
       9.0                  1.0 0.0040000000000000036               0.1528
      81.0                  5.0    8.047999999999996               0.1522
     148.0                  4.0    6.077000000000005               0.1516
      67.0                  0.0               -2.008  0.15100000000000002
     124.0                  4.0    6.045000000000005               0.1504
     352.0                 13.0   24.141000000000055               0.1498
     123.0                  5.0    8.076000000000006               0.1492
     479.0                 13.0   24.184000000000072               0.1486
      69.0                  4.0     6.05000000000001  0.14800000000000002
     306.0                 15.0   28.171000000000095               0.1474
     407.0                  9.0   16.170000000000023               0.1468
     105.0                  3.0    4.034000000000006               0.1462
     104.0                  4.0    6.041000000000004               0.1456
      23.0                  0.0               -1.984  0.14500000000000002
     207.0                  1.0 0.009999999999999787  0.14440000000000003
     262.0                 10.0   18.115000000000002               0.1438
     231.0                  9.0   16.123999999999988               0.1432
     190.0                  9.0    16.07700000000001               0.1426
     109.0                  6.0    10.08199999999999  0.14200000000000002
     182.0                  7.0   12.088999999999995  0.14140000000000003
     139.0                  4.0    6.044000000000011               0.1408
     308.0                  7.0   12.080999999999984               0.1402
      74.0                  5.0                8.043               0.1396
     271.0                  4.0    6.066000000000004                0.139
      26.0                  0.0  -1.9829999999999999  0.13840000000000002
      77.0                  1.0 0.039999999999997815               0.1378
     135.0                  0.0               -1.988  0.13720000000000002
     235.0                  9.0   16.097999999999974               0.1366
     399.0                 15.0   28.190000000000115                0.136
     245.0                  8.0   14.117999999999972  0.13540000000000002
     160.0                  5.0    8.059000000000003               0.1348
     207.0                 11.0   20.126000000000026               0.1342
      98.0                  5.0     8.05299999999999               0.1336
     464.0                 15.0   28.189000000000078                0.133
    1177.0                  2.0    2.032000000000003  0.13240000000000002
     479.0                 21.0   40.247999999999855  0.13180000000000003
     142.0                  5.0    8.064999999999992               0.1312
       3.0                  0.0               -1.998               0.1306
     107.0                  5.0    8.061999999999989                 0.13
     152.0                  6.0   10.094999999999992  0.12940000000000002
     230.0                 11.0   20.141000000000037  0.12880000000000003
     180.0                 12.0   22.111000000000043               0.1282
     120.0                  7.0   12.080999999999978               0.1276
     364.0                 11.0   20.189000000000014                0.127
     401.0                 12.0   22.200000000000077               0.1264
     194.0                  7.0   12.114999999999979  0.12580000000000002
     457.0                 10.0   18.136000000000035               0.1252
     309.0                 10.0    18.15400000000001  0.12460000000000002
      60.0                  4.0    6.025000000000002                0.124
      68.0                  5.0    8.056999999999992  0.12340000000000001
     101.0                  2.0   2.0420000000000047  0.12280000000000002
     447.0                 18.0    34.25799999999997               0.1222
     369.0                 15.0    28.17600000000005  0.12160000000000001
     179.0                  8.0    14.08399999999998  0.12100000000000002
     107.0                  4.0    6.052000000000007  0.12040000000000001
      44.0                  0.0  -1.9829999999999999  0.11980000000000002
     257.0                 11.0    20.12000000000001               0.1192
      63.0                  4.0    6.042000000000007  0.11860000000000001
      94.0                  4.0    6.044999999999991  0.11800000000000002
     205.0                  9.0   16.154000000000003               0.1174
     365.0                 19.0   36.233999999999966  0.11680000000000001
     214.0                 11.0   20.135000000000016  0.11620000000000003
     494.0                 21.0    40.24099999999996  0.11560000000000001
       9.0                  0.0                 -2.0  0.11500000000000002
     142.0                  4.0                6.067               0.1144
     120.0                  4.0    6.072999999999999  0.11380000000000001
     257.0                 11.0   20.160000000000004  0.11320000000000002
     342.0                 12.0   22.141000000000034               0.1126
     198.0                  8.0   14.104999999999999  0.11200000000000002
     364.0                 11.0    20.19500000000004               0.1114
     559.0                 21.0    40.24999999999991  0.11080000000000001
     369.0                 19.0   36.239999999999945  0.11020000000000002
     100.0                  2.0   2.0209999999999932               0.1096
     159.0                  7.0    12.09399999999999  0.10900000000000001
     156.0                  5.0    8.088999999999997  0.10840000000000002
     263.0                 16.0    30.18200000000004               0.1078
      69.0                  3.0    4.056000000000008  0.10720000000000002
      76.0                  5.0    8.052999999999995               0.1066
     115.0                  8.0   14.081999999999992  0.10600000000000001
     510.0                 14.0   26.233000000000104  0.10540000000000002
     109.0                  4.0    6.060000000000004               0.1048
     244.0                 11.0   20.090999999999987  0.10420000000000001
      97.0                  6.0   10.067999999999982  0.10360000000000003
     420.0                 17.0   32.185000000000045  0.10300000000000001
     254.0                  8.0   14.110999999999992  0.10240000000000002
      44.0                  2.0    2.020999999999997               0.1018
     172.0                  3.0    4.023000000000003  0.10120000000000001
     355.0                 10.0    18.15000000000002  0.10060000000000002
       8.0                  0.0               -2.009                  0.1
     251.0                  8.0   14.135999999999965  0.09940000000000002
     276.0                  9.0   16.131000000000004  0.09880000000000003
     260.0                 13.0    24.16900000000007  0.09820000000000001
     168.0                 10.0   18.099000000000018  0.09760000000000002
     176.0                  7.0   12.116999999999987                0.097
     282.0                 11.0    20.15300000000006  0.09640000000000001
      82.0                  2.0    2.033000000000006  0.09580000000000002
     200.0                  9.0   16.127000000000017               0.0952
     275.0                  8.0   14.131999999999985  0.09460000000000002
     263.0                  9.0   16.147999999999975                0.094
     677.0                 19.0    36.29000000000002  0.09340000000000001
     125.0                  5.0                 8.04  0.09280000000000002
     397.0                 15.0   28.250000000000107               0.0922
     186.0                  7.0   12.074999999999985  0.09160000000000001
     300.0                 13.0    24.17100000000004  0.09100000000000003
     403.0                 16.0     30.2080000000001  0.09040000000000001
     482.0                 14.0    26.27700000000012  0.08980000000000002
     184.0                  7.0   12.110999999999981               0.0892
     241.0                 10.0   18.128000000000036  0.08860000000000001
     239.0                  8.0    14.11399999999997  0.08800000000000002
     368.0                 16.0    30.20700000000009               0.0874
     260.0                 12.0    22.17700000000007  0.08680000000000002
     635.0                 19.0   36.247999999999884  0.08620000000000003
     754.0                 28.0    54.31699999999984  0.08560000000000001
    1484.0                 15.0    28.24500000000011  0.08500000000000002
     275.0                  9.0   16.105999999999998               0.0844
      75.0                  4.0    6.060000000000006  0.08380000000000001
     498.0                 21.0   40.280999999999885  0.08320000000000002
     208.0                 11.0    20.15700000000003               0.0826
     153.0                  8.0   14.093999999999982  0.08200000000000002
     519.0                 22.0   42.285999999999916  0.08140000000000003
     759.0                 24.0    46.34599999999978  0.08080000000000001
     251.0                  8.0   14.140000000000006  0.08020000000000002
      54.0                  2.0    2.024999999999998               0.0796
     645.0                 25.0   48.369999999999834  0.07900000000000001
     348.0                 14.0    26.22700000000006  0.07840000000000003
     223.0                 12.0    22.11000000000005  0.07780000000000001
     787.0                 30.0    58.47599999999941  0.07720000000000002
     859.0                 29.0   56.377999999999716               0.0766
     148.0                  6.0    10.07699999999998  0.07600000000000001
     386.0                 12.0   22.165000000000045  0.07540000000000002
     193.0                  6.0    10.10399999999998               0.0748
     522.0                 21.0    40.27499999999996  0.07420000000000002
     406.0                 15.0    28.22300000000012  0.07360000000000003
     208.0                  9.0   16.118999999999993  0.07300000000000001
      64.0                  1.0   0.0229999999999988  0.07240000000000002
     167.0                  8.0    14.10599999999999               0.0718
     138.0                  6.0   10.074999999999985  0.07120000000000001
     342.0                 10.0   18.175000000000054  0.07060000000000002
      34.0                  2.0   2.0230000000000037                 0.07
     603.0                 22.0   42.307999999999836  0.06940000000000002
     169.0                  9.0               16.132  0.06880000000000003
     421.0                 21.0    40.26999999999991  0.06820000000000001
     538.0                 22.0    42.31699999999997  0.06760000000000002
     521.0                 25.0    48.34999999999984                0.067
     224.0                 10.0               18.087  0.06640000000000001
     126.0                  5.0    8.088999999999992  0.06580000000000003
    1058.0                 35.0    68.49100000000001  0.06520000000000001
     272.0                 12.0    22.16300000000007  0.06460000000000002
     225.0                 14.0   26.194000000000113  0.06400000000000003
     157.0                  5.0    8.093999999999992  0.06340000000000001
      72.0                  1.0 0.048999999999998156  0.06280000000000002
     359.0                 18.0    34.23200000000003 0.062200000000000005
     660.0                 31.0   60.360999999999706 0.061600000000000016
     481.0                 21.0    40.31199999999992 0.061000000000000026
     558.0                 26.0    50.34699999999972  0.06040000000000001
     373.0                 14.0    26.21800000000016  0.05980000000000002
     404.0                 19.0    36.30700000000005  0.05920000000000003
     209.0                 12.0   22.172000000000054  0.05860000000000001
     113.0                  8.0   14.093999999999978 0.058000000000000024
     452.0                 19.0   36.289000000000016  0.05740000000000001
     553.0                 27.0   52.351999999999784  0.05680000000000002
     756.0                 35.0    68.47299999999976  0.05620000000000003
     614.0                 26.0    50.33899999999972  0.05560000000000001
     261.0                 17.0    32.19600000000006  0.05500000000000002
     467.0                 24.0    46.28799999999997 0.054400000000000004
     438.0                 19.0   36.257000000000026 0.053800000000000014
     612.0                 21.0               40.349 0.053200000000000025
     907.0                 27.0    52.48599999999962  0.05260000000000001
     198.0                  8.0   14.142999999999995  0.05200000000000002
     318.0                 13.0    24.21100000000005  0.05140000000000003
      64.0                  6.0   10.050999999999991  0.05080000000000001
      81.0                  6.0   10.069999999999993  0.05020000000000002
     279.0                 14.0   26.222000000000097 0.049600000000000005
     476.0                 21.0    40.23499999999991 0.049000000000000016
      26.0                  1.0  0.01699999999999946 0.048400000000000026
     313.0                 15.0    28.17200000000008  0.04780000000000001
     191.0                  8.0    14.15399999999997  0.04720000000000002
     907.0                 35.0    68.49799999999979  0.04660000000000003
      38.0                  2.0   2.0270000000000015  0.04600000000000001
     190.0                  6.0   10.102999999999975 0.045400000000000024
     639.0                 26.0   50.309999999999846 0.044800000000000006
     157.0                  6.0   10.095999999999988  0.04420000000000002
     500.0                 23.0    44.35099999999987  0.04360000000000003
     227.0                 13.0   24.156000000000052  0.04300000000000001
     249.0                 15.0   28.184000000000104  0.04240000000000002
     183.0                 10.0    18.15000000000004  0.04180000000000003
      17.0                  1.0 0.002000000000000668 0.041200000000000014
     634.0                 29.0   56.372999999999685 0.040600000000000025
      30.0                  3.0    4.021000000000001  0.04000000000000001
     122.0                  8.0    14.09499999999999  0.03940000000000002
     406.0                 17.0   32.249000000000066  0.03880000000000003
     797.0                 26.0     50.3459999999998  0.03820000000000001
     762.0                 29.0   56.382999999999704  0.03760000000000002
     979.0                 38.0    74.48999999999998 0.037000000000000005
     693.0                 27.0    52.43599999999976 0.036400000000000016
     776.0                 32.0    62.46499999999967 0.035800000000000026
     205.0                 12.0    22.14800000000005  0.03520000000000001
     860.0                 34.0    66.50099999999968  0.03460000000000002
     354.0                 17.0   32.235000000000014  0.03400000000000003
    1187.0                 38.0    74.52199999999999  0.03340000000000001
     180.0                  8.0   14.130999999999966 0.032800000000000024
      28.0                  1.0  0.02499999999999769 0.032200000000000006
     428.0                 27.0   52.348999999999705  0.03160000000000002
     316.0                 15.0    28.22700000000013 0.031000000000000028
     493.0                 28.0    54.38599999999969  0.03040000000000001
      57.0                  4.0    6.050000000000006  0.02980000000000002
     560.0                 29.0   56.342999999999705  0.02920000000000003
     600.0                 27.0    52.37099999999981 0.028600000000000014
     128.0                 11.0   20.101000000000035 0.028000000000000025
     308.0                 19.0    36.25700000000003 0.027400000000000008
     961.0                 35.0    68.52999999999962 0.026800000000000018
     344.0                 20.0               38.251  0.02620000000000003
     206.0                 12.0    22.16100000000006  0.02560000000000001
      57.0                  3.0    4.039999999999999 0.025000000000000022
     173.0                 10.0   18.110000000000003 0.024400000000000033
     998.0                 44.0    86.59700000000055 0.023800000000000016
     907.0                 40.0    78.54600000000019 0.023200000000000026
     280.0                 19.0    36.22099999999996  0.02260000000000001
     754.0                 29.0    56.44499999999966  0.02200000000000002
     259.0                 13.0    24.15800000000009  0.02140000000000003
    1260.0                 49.0    96.65500000000085 0.020800000000000013
     600.0                 33.0    64.45099999999958 0.020200000000000023
     457.0                 28.0    54.32599999999975 0.019600000000000006
    1131.0                 40.0    78.47999999999993 0.019000000000000017
     656.0                 33.0    64.40699999999961 0.018400000000000027
     340.0                 19.0    36.30500000000001  0.01780000000000001
     531.0                 28.0    54.41199999999965  0.01720000000000002
     920.0                 37.0    72.42899999999996  0.01660000000000003
     209.0                 11.0   20.150000000000006 0.016000000000000014
     227.0                 12.0   22.194000000000088 0.015400000000000025
     712.0                 35.0    68.49099999999987 0.014800000000000008
     809.0                 37.0    72.53599999999997 0.014200000000000018
    1453.0                 47.0    92.61800000000068 0.013600000000000029
    1098.0                 42.0    82.53500000000011 0.013000000000000012
     391.0                 19.0   36.292000000000115 0.012400000000000022
    1223.0                 37.0               72.438 0.011800000000000033
     906.0                 42.0    82.58900000000045 0.011200000000000015
     638.0                 35.0    68.43299999999991 0.010600000000000026
     461.0                 24.0   46.359999999999815 0.010000000000000009
    1038.0                 44.0    86.55300000000031  0.00940000000000002
    1724.0                 55.0   108.75700000000111  0.00880000000000003
     635.0                 34.0     66.4879999999998 0.008200000000000013
    1141.0                 40.0    78.60800000000023 0.007600000000000023
     927.0                 42.0    82.57000000000032 0.007000000000000034
     719.0                 37.0    72.55400000000002 0.006400000000000017
     831.0                 41.0    80.53600000000016 0.005800000000000027
     613.0                 32.0    62.40599999999963  0.00520000000000001
    1318.0                 48.0     94.5530000000004 0.004600000000000021
    1160.0                 48.0    94.61500000000076 0.004000000000000031
    1295.0                 52.0   102.68000000000094 0.003400000000000014
     620.0                 33.0     64.4249999999996 0.0028000000000000247
     656.0                 35.0     68.4149999999998 0.0022000000000000353
    1079.0                 42.0     82.5540000000003 0.001600000000000018
    1026.0                 42.0    82.59100000000025 0.0010000000000000286
     571.0                 29.0    56.43599999999962 0.00040000000000001146
    1913.0                 60.0   118.87000000000171                  0.0
    1375.0                 59.0   116.83000000000112                  0.0
    1491.0                 64.0   126.93600000000163                  0.0
     501.0                 33.0    64.42599999999966                  0.0
     697.0                 32.0    62.46799999999964                  0.0
    1108.0                 47.0    92.62300000000043                  0.0
     974.0                 44.0    86.61500000000034                  0.0
    1609.0                 53.0   104.67200000000079                  0.0
     900.0                 44.0    86.60100000000024                  0.0
    1873.0                 63.0   124.86600000000173                  0.0
     823.0                 39.0    76.54600000000009                  0.0
    1357.0                 61.0   120.76800000000131                  0.0
    1006.0                 46.0    90.58900000000041                  0.0
     831.0                 44.0    86.51400000000031                  0.0
    2054.0                 57.0   112.74500000000118                  0.0
     411.0                 22.0   42.265999999999934                  0.0
    1923.0                 65.0   128.85400000000158                  0.0
    1337.0                 53.0   104.69000000000102                  0.0
     766.0                 36.0    70.46899999999981                  0.0
     838.0                 36.0    70.44700000000005                  0.0
    1551.0                 59.0   116.78800000000122                  0.0
     522.0                 34.0    66.43899999999981                  0.0
     615.0                 34.0    66.45799999999981                  0.0
     587.0                 31.0    60.38599999999967                  0.0
    1577.0                 56.0   110.72800000000124                  0.0
     539.0                 31.0    60.38599999999969                  0.0
    1379.0                 51.0   100.74800000000093                  0.0
     760.0                 36.0    70.50499999999985                  0.0
     860.0                 45.0    88.66700000000036                  0.0
    1794.0                 59.0   116.72300000000111                  0.0
    1384.0                 51.0   100.72100000000097                  0.0
    1364.0                 49.0    96.66100000000034                  0.0
    1087.0                 47.0    92.61800000000052                  0.0
    1231.0                 53.0    104.7380000000009                  0.0
     959.0                 40.0     78.5760000000001                  0.0
    1480.0                 56.0   110.74300000000135                  0.0
     790.0                 38.0    74.52099999999986                  0.0
    1194.0                 52.0   102.73700000000092                  0.0
     764.0                 36.0    70.46899999999998                  0.0
    1371.0                 52.0   102.56600000000076                  0.0
    1308.0                 59.0    116.8530000000014                  0.0
     847.0                 47.0    92.58000000000062                  0.0
     631.0                 33.0    64.53399999999971                  0.0
    1576.0                 59.0    116.7270000000009                  0.0
    1109.0                 48.0     94.6160000000006                  0.0
    1068.0                 46.0     90.7290000000008                  0.0
     834.0                 44.0    86.59700000000038                  0.0
     932.0                 42.0    82.61900000000027                  0.0
    1093.0                 50.0    98.65000000000083                  0.0
     695.0                 33.0    64.46399999999979                  0.0
    1467.0                 64.0   126.85600000000164                  0.0
    2376.0                 71.0   140.92700000000198                  0.0
    1359.0                 54.0   106.79600000000109                  0.0
    1222.0                 51.0   100.61500000000092                  0.0
     980.0                 42.0    82.50100000000025                  0.0
    1168.0                 50.0    98.67900000000078                  0.0
    1980.0                 57.0   112.83100000000094                  0.0
     805.0                 39.0    76.53800000000018                  0.0
    1194.0                 52.0   102.64700000000067                  0.0
    1738.0                 65.0   128.81500000000162                  0.0
    1995.0                 53.0   104.76000000000079                  0.0
     568.0                 36.0    70.45899999999985                  0.0
    1837.0                 62.0   122.74200000000118                  0.0
    1788.0                 63.0   124.91300000000152                  0.0
    1540.0                 58.0   114.78500000000146                  0.0
     512.0                 34.0    66.44299999999986                  0.0
     410.0                 27.0    52.33099999999978                  0.0
    1459.0                 60.0   118.77800000000138                  0.0
     743.0                 39.0    76.61400000000009                  0.0
    1181.0                 55.0   108.80600000000096                  0.0
     759.0                 41.0    80.56800000000025                  0.0
    1259.0                 53.0   104.77200000000087                  0.0
    1670.0                 68.0   134.81300000000178                  0.0
     642.0                 32.0    62.56899999999957                  0.0
    2648.0                 73.0   144.94100000000176                  0.0
     857.0                 47.0     92.6380000000006                  0.0
    1245.0                 55.0    108.8340000000012                  0.0
     498.0                 36.0     70.4549999999997                  0.0
    1414.0                 59.0   116.77700000000112                  0.0
     764.0                 41.0    80.58300000000038                  0.0
    1283.0                 60.0   118.88000000000179                  0.0
     597.0                 39.0    76.50999999999999                  0.0
     835.0                 43.0    84.51000000000039                  0.0
     978.0                 52.0   102.72100000000073                  0.0
    1813.0                 69.0   137.02400000000227                  0.0
    1628.0                 63.0   124.85300000000149                  0.0
     659.0                 39.0    76.53399999999999                  0.0
     991.0                 55.0   108.75000000000131                  0.0
     655.0                 37.0    72.51799999999969                  0.0
    1256.0                 63.0   124.82300000000141                  0.0
     961.0                 48.0    94.62200000000038                  0.0
    1410.0                 64.0   126.77700000000144                  0.0
     533.0                 30.0   58.399999999999636                  0.0
    1053.0                 51.0    100.7240000000007                  0.0
    1018.0                 51.0     100.631000000001                  0.0
    1502.0                 62.0   122.83700000000144                  0.0
     751.0                 44.0    86.60000000000034                  0.0
     926.0                 51.0     100.657000000001                  0.0
    1624.0                 58.0    114.7990000000013                  0.0
     761.0                 42.0    82.60600000000039                  0.0
    1338.0                 57.0   112.78700000000123                  0.0
    1454.0                 65.0    128.9170000000017                  0.0
    1005.0                 55.0   108.75200000000098                  0.0
     857.0                 39.0    76.60200000000027                  0.0
     970.0                 47.0    92.62100000000063                  0.0
     806.0                 45.0    88.57700000000047                  0.0
    1080.0                 57.0   112.84500000000106                  0.0
    1413.0                 60.0   118.82200000000122                  0.0
     937.0                 56.0   110.78200000000128                  0.0
     762.0                 46.0    90.55900000000038                  0.0
     770.0                 41.0    80.56900000000022                  0.0
    1601.0                 68.0   134.91600000000193                  0.0
     668.0                 42.0    82.51900000000029                  0.0
     547.0                 34.0    66.40599999999986                  0.0
     785.0                 40.0    78.52000000000007                  0.0
    1006.0                 45.0    88.64500000000044                  0.0
    1056.0                 55.0   108.73700000000119                  0.0
     559.0                 35.0    68.47399999999978                  0.0
    1069.0                 57.0   112.87200000000122                  0.0
    1442.0                 63.0   124.84300000000147                  0.0
    1056.0                 56.0     110.715000000001                  0.0
    1650.0                 61.0   120.79500000000164                  0.0
    1041.0                 54.0   106.74600000000102                  0.0
    1365.0                 65.0   128.81000000000148                  0.0
    1638.0                 70.0   138.96500000000182                  0.0
     962.0                 47.0     92.6430000000005                  0.0
     688.0                 43.0    84.50500000000022                  0.0
    1438.0                 68.0   134.87300000000175                  0.0
    1019.0                 50.0    98.68200000000071                  0.0
    1424.0                 65.0    128.9750000000019                  0.0
     881.0                 46.0    90.60600000000066                  0.0
    1017.0                 54.0   106.73800000000097                  0.0
    1359.0                 65.0   128.95800000000182                  0.0
    1181.0                 60.0   118.79600000000113                  0.0
     941.0                 49.0    96.65400000000064                  0.0
    1523.0                 64.0   126.82000000000147                  0.0
    1247.0                 55.0   108.82400000000119                  0.0
     883.0                 51.0   100.60600000000072                  0.0
     763.0                 44.0    86.63000000000041                  0.0
     968.0                 52.0   102.68500000000087                  0.0
    1524.0                 65.0    128.9130000000013                  0.0
     923.0                 56.0   110.68800000000097                  0.0
    2102.0                 81.0   161.04700000000224                  0.0
    1340.0                 59.0   116.82300000000141                  0.0
    1171.0                 61.0   120.87000000000144                  0.0
     710.0                 41.0     80.5530000000003                  0.0
    1108.0                 57.0   112.81900000000125                  0.0
     725.0                 43.0    84.63000000000045                  0.0
     796.0                 43.0    84.64500000000042                  0.0
     473.0                 30.0    58.42599999999973                  0.0
    1013.0                 51.0   100.71000000000087                  0.0
    1260.0                 52.0   102.75900000000081                  0.0
     642.0                 39.0    76.53700000000013                  0.0
     567.0                 37.0    72.49199999999988                  0.0
    1495.0                 63.0   124.98800000000183                  0.0
     280.0                 18.0    34.27100000000006                  0.0
    1467.0                 66.0   130.83000000000152                  0.0
     297.0                 20.0    38.26399999999998                  0.0
     149.0                 13.0    24.14000000000005                  0.0
    1281.0                 56.0   110.87000000000108                  0.0
    1045.0                 56.0   110.77600000000119                  0.0
     608.0                 36.0     70.4749999999999                  0.0
    1418.0                 64.0    126.8850000000017                  0.0
    1736.0                 72.0   142.93700000000203                  0.0
    1224.0                 55.0   108.70300000000105                  0.0
    1360.0                 60.0   118.93100000000165                  0.0
    2123.0                 89.0   177.17800000000324                  0.0
    1099.0                 56.0     110.824000000001                  0.0
    1109.0                 58.0   114.82400000000132                  0.0
    1016.0                 60.0    118.7550000000013                  0.0
    1549.0                 65.0     128.910000000002                  0.0
     653.0                 38.0    74.47999999999992                  0.0
    1317.0                 64.0   126.82600000000124                  0.0
    1666.0                 70.0   138.97500000000173                  0.0
    1214.0                 61.0    120.7670000000012                  0.0
     575.0                 35.0    68.49399999999963                  0.0
     747.0                 47.0    92.66000000000035                  0.0
    1328.0                 61.0   120.80900000000155                  0.0
     864.0                 46.0    90.61100000000053                  0.0
     678.0                 40.0    78.52500000000019                  0.0
     428.0                 25.0   48.358999999999845                  0.0
    1367.0                 62.0    122.8340000000013                  0.0
    1358.0                 62.0   122.83300000000129                  0.0
    1129.0                 63.0   124.85400000000156                  0.0
    1089.0                 60.0    118.8280000000016                  0.0
     999.0                 47.0     92.6240000000006                  0.0
    1438.0                 70.0   139.03300000000218                  0.0
    1664.0                 71.0   140.88500000000226                  0.0
    1450.0                 63.0    124.9910000000016                  0.0
    1275.0                 63.0   124.88600000000159                  0.0
     831.0                 53.0   104.68600000000124                  0.0
     455.0                 29.0    56.41199999999963                  0.0
    1227.0                 61.0   120.82400000000167                  0.0
     856.0                 51.0   100.67300000000066                  0.0
     711.0                 42.0    82.66400000000026                  0.0
     615.0                 43.0    84.53000000000044                  0.0
     643.0                 40.0    78.55400000000014                  0.0
     973.0                 52.0   102.68400000000064                  0.0
     911.0                 48.0    94.64000000000054                  0.0
     528.0                 30.0    58.43899999999966                  0.0
     733.0                 49.0    96.66800000000066                  0.0
     835.0                 45.0    88.68200000000049                  0.0
    1284.0                 64.0   126.96100000000189                  0.0
     670.0                 41.0    80.59900000000015                  0.0
     442.0                 28.0    54.34299999999976                  0.0
     487.0                 34.0    66.44199999999967                  0.0
    1210.0                 57.0   112.88300000000143                  0.0
     623.0                 41.0    80.51600000000025                  0.0
     653.0                 42.0    82.53000000000017                  0.0
    1644.0                 72.0    142.9750000000021                  0.0
     911.0                 51.0   100.70600000000071                  0.0
     920.0                 56.0    110.7410000000014                  0.0
     621.0                 40.0               78.548                  0.0
    1056.0                 48.0    94.76500000000082                  0.0
     892.0                 44.0    86.68500000000061                  0.0
    1080.0                 61.0   120.87900000000158                  0.0
     791.0                 55.0    108.6380000000011                  0.0
    1345.0                 64.0   126.90800000000183                  0.0
    1348.0                 60.0   118.85300000000136                  0.0
    1407.0                 62.0   122.83800000000178                  0.0
     588.0                 43.0    84.51900000000035                  0.0
    1616.0                 71.0   141.05900000000204                  0.0
    1440.0                 79.0   156.95700000000244                  0.0
    1180.0                 58.0   114.84900000000158                  0.0
     462.0                 31.0    60.39099999999965                  0.0
    1435.0                 66.0   131.00200000000157                  0.0
     924.0                 52.0   102.71900000000093                  0.0
     225.0                 17.0    32.22000000000006                  0.0
     144.0                 10.0   18.144999999999985                  0.0
    1113.0                 54.0   106.75400000000113                  0.0
     916.0                 45.0     88.6710000000005                  0.0
     492.0                 32.0    62.44299999999965                  0.0
    1238.0                 65.0   128.87500000000193                  0.0
