
########################################################################## 
################################ Settings ################################ 
########################################################################## 

Note: Using linear eps. decay. + distance to apple reward.

####### Environment settings ####### : 
screen_size: (600, 600)
snake_block_size: (30, 30)
grid_size: 20
apple_reward: 2.0
death_punishment: -2.0
closer_2_apple_reward: 0.001
longer_from_apple_punishment: -0.001
max_iterations: 600


####### Hyperparameters ####### : 
batch_size: 128
 gamma: 0.99
 initial_epsilon: 0.25
 minimal_epsilon: 0.0
 epsilon_decay_rate: 0.0006
 target_update_frequency: 10
 learning_rate: 0.0001
 memory_size: 100000
 n_episodes: 600
 
####### Optimizer ####### : 
Adam (
Parameter Group 0
    amsgrad: False
    betas: (0.9, 0.999)
    capturable: False
    eps: 1e-08
    foreach: None
    lr: 0.0001
    maximize: False
    weight_decay: 0
)

####### Loss function ####### : 
MSELoss()

####### Network structure #######: 
DeepQNetwork(
  (lin1): Linear(in_features=18, out_features=540, bias=True)
  (lin2): Linear(in_features=540, out_features=270, bias=True)
  (lin3): Linear(in_features=270, out_features=4, bias=True)
  (rectifier1): ReLU()
)

########################################################################## 
################################## DATA ################################## 
########################################################################## 
    steps:              scores:             rewards:             epsilon:
       0.0                  0.0               -2.001                 0.25
      19.0                  0.0                -2.01                 0.25
      43.0                  0.0               -2.006                 0.25
      13.0                  0.0               -1.988                 0.25
      17.0                  0.0                -2.01                 0.25
       8.0                  0.0  -2.0069999999999997                 0.25
      20.0                  1.0 0.0030000000000005578                 0.25
       9.0                  0.0               -2.002               0.2458
       2.0                  0.0  -2.0029999999999997               0.2452
       1.0                  0.0               -2.002               0.2446
      21.0                  0.0               -1.996                0.244
       5.0                  0.0                 -2.0               0.2434
      52.0                  0.0  -1.9909999999999999               0.2428
       9.0                  0.0                -2.01               0.2422
      62.0                  2.0    2.016999999999998               0.2416
     222.0                  4.0    6.063000000000006                0.241
      64.0                  3.0    4.033000000000001               0.2404
     137.0                  3.0    4.048000000000004               0.2398
      41.0                  1.0 0.019999999999998685               0.2392
       7.0                  0.0               -1.998               0.2386
      22.0                  1.0 0.012999999999999012                0.238
     134.0                  5.0    8.085000000000003               0.2374
     100.0                  1.0  0.01100000000000012               0.2368
      58.0                  4.0    6.035000000000002               0.2362
     241.0                  4.0    6.088000000000003               0.2356
     263.0                  7.0   12.091999999999969                0.235
      65.0                  1.0  0.03799999999999715               0.2344
     291.0                  4.0    6.046000000000005               0.2338
     135.0                  1.0  0.01399999999999979               0.2332
     146.0                  1.0 0.020999999999999908               0.2326
     421.0                  7.0   12.121999999999975                0.232
     668.0                  5.0                8.063               0.2314
     613.0                  5.0    8.075999999999988               0.2308
     651.0                  2.0    2.050000000000002  0.23020000000000002
     209.0                  4.0    6.056000000000001               0.2296
     346.0                  5.0    8.056999999999993                0.229
     152.0                  3.0    4.029000000000002               0.2284
     189.0                  5.0    8.060000000000002               0.2278
     516.0                  8.0   14.144999999999984               0.2272
      16.0                  0.0  -1.9909999999999999               0.2266
     138.0                  0.0  -1.9969999999999999                0.226
     191.0                  1.0 -0.0019999999999993356               0.2254
       8.0                  0.0  -1.9949999999999999               0.2248
       3.0                  0.0               -2.004               0.2242
     249.0                  7.0   12.105999999999993               0.2236
     162.0                  1.0 0.010999999999999233                0.223
     189.0                  0.0               -1.986  0.22240000000000001
      95.0                  1.0 0.019999999999997797               0.2218
     329.0                  4.0    6.066000000000004               0.2212
     221.0                  4.0    6.072000000000012               0.2206
     121.0                  6.0   10.075999999999985                 0.22
     229.0                  8.0   14.083999999999984               0.2194
     214.0                  1.0 0.022999999999999243               0.2188
     132.0                  6.0   10.078999999999997               0.2182
      36.0                  1.0 0.014999999999999236  0.21760000000000002
     166.0                  5.0    8.046999999999997                0.217
     600.0                  0.0               -1.999               0.2164
     330.0                  7.0    12.13099999999997               0.2158
     290.0                  5.0    8.064999999999996               0.2152
     268.0                  2.0   2.0370000000000013               0.2146
      11.0                  0.0               -1.994                0.214
       3.0                  0.0                 -2.0               0.2134
     600.0                  0.0               -1.997               0.2128
     600.0                  0.0  -1.9969999999999999               0.2122
      93.0                  0.0               -1.986               0.2116
     163.0                  7.0   12.067999999999993                0.211
     600.0                  0.0  -1.9989999999999999               0.2104
      67.0                  4.0   6.0319999999999965               0.2098
     286.0                  4.0    6.045000000000005               0.2092
     291.0                  8.0   14.101999999999995               0.2086
     353.0                 10.0    18.12800000000001  0.20800000000000002
      80.0                  3.0    4.051000000000007               0.2074
       1.0                  0.0                 -2.0               0.2068
     333.0                 15.0    28.17400000000009               0.2062
      56.0                  3.0    4.027000000000003               0.2056
       4.0                  0.0               -2.005  0.20500000000000002
     173.0                  4.0    6.036000000000003               0.2044
      84.0                  1.0   0.0129999999999999               0.2038
     309.0                  9.0   16.136000000000017               0.2032
     153.0                  2.0    2.033999999999996               0.2026
       0.0                  0.0               -2.001                0.202
      76.0                  2.0   2.0289999999999995               0.2014
     398.0                  8.0   14.142999999999992               0.2008
       8.0                  0.0  -1.9929999999999999               0.2002
      79.0                  0.0               -1.984               0.1996
     600.0                  0.0  -1.9929999999999999                0.199
       8.0                  0.0               -2.001  0.19840000000000002
     137.0                  3.0    4.048000000000004               0.1978
       6.0                  0.0  -1.9969999999999999  0.19720000000000001
     655.0                  3.0    4.056000000000006               0.1966
      52.0                  2.0    2.026999999999999                0.196
     670.0                 13.0    24.18500000000009  0.19540000000000002
     454.0                 13.0   24.227000000000064               0.1948
     573.0                 13.0   24.156000000000073               0.1942
     111.0                  1.0  0.03399999999999803               0.1936
      41.0                  2.0                 2.02                0.193
     171.0                  4.0    6.054000000000009  0.19240000000000002
      46.0                  2.0   2.0189999999999997               0.1918
      35.0                  2.0   2.0220000000000025               0.1912
     333.0                  7.0   12.081999999999994               0.1906
     249.0                  9.0   16.141999999999992                 0.19
     226.0                  7.0   12.064999999999984               0.1894
     254.0                  0.0               -2.005               0.1888
     246.0                  7.0    12.06299999999998               0.1882
     112.0                  4.0    6.041000000000002               0.1876
     342.0                  5.0     8.06699999999999                0.187
      38.0                  0.0  -1.9909999999999999               0.1864
     176.0                  4.0    6.045000000000002  0.18580000000000002
     250.0                  9.0   16.135000000000005               0.1852
     393.0                 12.0   22.170000000000027               0.1846
     133.0                  5.0    8.088000000000001                0.184
     216.0                  8.0   14.110999999999974               0.1834
     283.0                  6.0   10.083999999999978  0.18280000000000002
     149.0                  7.0   12.065999999999985               0.1822
     857.0                  4.0    6.058000000000003               0.1816
       1.0                  0.0                 -2.0                0.181
     135.0                  4.0    6.040000000000006               0.1804
      32.0                  1.0 0.001000000000000334  0.17980000000000002
     184.0                  6.0   10.090999999999973  0.17920000000000003
     631.0                 21.0    40.23599999999994               0.1786
       7.0                  0.0               -1.996                0.178
      65.0                  0.0               -1.992               0.1774
      98.0                  5.0    8.062999999999988               0.1768
     749.0                  3.0     4.08200000000001  0.17620000000000002
     468.0                 11.0    20.16900000000001               0.1756
     526.0                 14.0   26.209000000000067                0.175
     303.0                 11.0    20.14400000000003               0.1744
     116.0                  2.0   2.0290000000000066               0.1738
      78.0                  4.0    6.045000000000005  0.17320000000000002
     140.0                  3.0    4.047000000000008               0.1726
     120.0                  5.0    8.038999999999994                0.172
      55.0                  2.0   2.0199999999999982               0.1714
     374.0                 10.0   18.121000000000038               0.1708
     233.0                 13.0    24.12800000000005  0.17020000000000002
     323.0                  8.0   14.123999999999983               0.1696
     361.0                  2.0   2.0179999999999985                0.169
      67.0                  4.0    6.051999999999996               0.1684
     575.0                 10.0    18.14000000000002               0.1678
     366.0                  5.0                8.065  0.16720000000000002
     566.0                  9.0   16.166999999999987  0.16660000000000003
     269.0                  4.0    6.072000000000013                0.166
     146.0                  4.0    6.075000000000012               0.1654
     643.0                  6.0   10.085999999999988               0.1648
     175.0                  5.0    8.093999999999989               0.1642
     566.0                 10.0   18.197000000000013  0.16360000000000002
      71.0                  3.0    4.042000000000002                0.163
     106.0                  4.0    6.049000000000003               0.1624
     600.0                  0.0  -1.9969999999999999               0.1618
      34.0                  0.0  -1.9969999999999999               0.1612
     414.0                 13.0    24.14100000000006  0.16060000000000002
     416.0                 12.0   22.153000000000038                 0.16
     255.0                 13.0   24.152000000000072  0.15940000000000001
      19.0                  0.0                -1.99               0.1588
     232.0                  8.0   14.098999999999977               0.1582
     160.0                  6.0    10.08899999999999  0.15760000000000002
      73.0                  6.0   10.041999999999993  0.15700000000000003
     416.0                  4.0    6.065000000000008               0.1564
     141.0                  2.0   2.0339999999999976               0.1558
     109.0                  6.0   10.057999999999991               0.1552
     403.0                 20.0    38.25200000000004  0.15460000000000002
     424.0                 14.0    26.24100000000005  0.15400000000000003
     274.0                  7.0    12.09299999999999               0.1534
     292.0                 13.0   24.163000000000068               0.1528
      35.0                  3.0    4.030000000000003               0.1522
     553.0                  8.0   14.135999999999973               0.1516
     238.0                  9.0   16.081000000000007  0.15100000000000002
     378.0                 12.0    22.15300000000004               0.1504
     228.0                 12.0   22.125000000000036               0.1498
     242.0                 11.0   20.133000000000006               0.1492
     171.0                 10.0   18.119999999999994               0.1486
     152.0                  7.0   12.080999999999992  0.14800000000000002
     314.0                 13.0   24.171000000000074               0.1474
     314.0                  6.0   10.090999999999992               0.1468
      92.0                  3.0    4.033000000000007               0.1462
     219.0                 13.0    24.14600000000006               0.1456
     428.0                 20.0   38.242999999999974  0.14500000000000002
     139.0                  7.0    12.09399999999998  0.14440000000000003
     101.0                  4.0   6.0539999999999985               0.1438
     148.0                  6.0   10.092999999999991               0.1432
      82.0                  6.0               10.047               0.1426
     684.0                 22.0    42.28499999999985  0.14200000000000002
     148.0                  6.0   10.082999999999998  0.14140000000000003
     140.0                  5.0    8.070999999999996               0.1408
     294.0                 11.0   20.137000000000047               0.1402
      78.0                  6.0   10.062999999999988               0.1396
     307.0                  9.0   16.152000000000005                0.139
     125.0                  1.0 0.037999999999998035  0.13840000000000002
     293.0                  4.0    6.056000000000006               0.1378
     129.0                  5.0     8.09999999999999  0.13720000000000002
      54.0                  4.0    6.043000000000001               0.1366
     124.0                  9.0   16.090999999999994                0.136
     358.0                  9.0   16.139000000000028  0.13540000000000002
     198.0                  7.0   12.084999999999988               0.1348
     337.0                 15.0   28.156000000000063               0.1342
      65.0                  4.0    6.045999999999994               0.1336
      83.0                  1.0 0.020000000000000018                0.133
      64.0                  3.0    4.051000000000009  0.13240000000000002
     209.0                  8.0    14.07399999999999  0.13180000000000003
     170.0                  5.0    8.066999999999991               0.1312
     423.0                 13.0   24.198000000000093               0.1306
     249.0                 10.0               18.106                 0.13
     577.0                 22.0    42.27799999999991  0.12940000000000002
     200.0                 11.0   20.141000000000037  0.12880000000000003
      53.0                  4.0    6.034000000000004               0.1282
     379.0                  8.0   14.118000000000015               0.1276
      94.0                  1.0  0.02499999999999991                0.127
     468.0                 10.0   18.147000000000013               0.1264
     520.0                 15.0   28.211000000000077  0.12580000000000002
      62.0                  2.0   2.0310000000000064               0.1252
     597.0                 16.0   30.226000000000088  0.12460000000000002
      79.0                  4.0    6.035999999999996                0.124
      57.0                  4.0    6.045999999999998  0.12340000000000001
     205.0                  8.0   14.103999999999983  0.12280000000000002
      42.0                  1.0  0.02699999999999836               0.1222
     188.0                  5.0    8.098999999999993  0.12160000000000001
     153.0                 10.0                 18.1  0.12100000000000002
      68.0                  4.0    6.051000000000007  0.12040000000000001
     600.0                  0.0  -1.9949999999999999  0.11980000000000002
     299.0                 12.0   22.138000000000034               0.1192
     181.0                  5.0    8.057999999999998  0.11860000000000001
     101.0                  5.0     8.04599999999999  0.11800000000000002
      92.0                  4.0    6.057000000000009               0.1174
     202.0                 13.0   24.143000000000054  0.11680000000000001
      97.0                  4.0    6.055999999999999  0.11620000000000003
     202.0                 11.0   20.141000000000023  0.11560000000000001
     321.0                 11.0   20.146000000000065  0.11500000000000002
     270.0                 11.0    20.16100000000001               0.1144
     212.0                  8.0   14.135000000000003  0.11380000000000001
     114.0                  4.0    6.076999999999993  0.11320000000000002
     241.0                  9.0               16.112               0.1126
     273.0                 16.0   30.206000000000127  0.11200000000000002
     348.0                 11.0    20.21100000000006               0.1114
      42.0                  1.0 0.004999999999999893  0.11080000000000001
      27.0                  2.0    2.015999999999997  0.11020000000000002
     112.0                  3.0    4.049000000000001               0.1096
     234.0                  9.0    16.14900000000003  0.10900000000000001
      17.0                  0.0               -1.988  0.10840000000000002
     305.0                  9.0    16.08799999999998               0.1078
     298.0                  8.0   14.140999999999968  0.10720000000000002
     379.0                 16.0   30.224000000000107               0.1066
     169.0                 10.0   18.094000000000005  0.10600000000000001
     921.0                 19.0    36.32800000000004  0.10540000000000002
     402.0                 18.0               34.243               0.1048
     189.0                 10.0   18.087999999999983  0.10420000000000001
     179.0                 10.0   18.112000000000005  0.10360000000000003
     142.0                  7.0   12.056999999999992  0.10300000000000001
      52.0                  0.0  -1.9829999999999999  0.10240000000000002
     157.0                  3.0    4.044000000000004               0.1018
     518.0                 15.0    28.17900000000009  0.10120000000000001
      24.0                  1.0 0.018999999999998796  0.10060000000000002
     295.0                 11.0   20.166000000000015                  0.1
     147.0                  4.0   6.0760000000000005  0.09940000000000002
     716.0                 17.0   32.227000000000125  0.09880000000000003
     413.0                 16.0   30.210000000000118  0.09820000000000001
     265.0                 15.0   28.162000000000095  0.09760000000000002
     176.0                  3.0    4.039000000000007                0.097
     103.0                  5.0    8.067999999999998  0.09640000000000001
     189.0                  9.0   16.121999999999982  0.09580000000000002
     156.0                  8.0   14.117000000000006               0.0952
     134.0                  7.0    12.11499999999999  0.09460000000000002
     467.0                 13.0   24.188000000000024                0.094
     879.0                 22.0    42.34999999999988  0.09340000000000001
      11.0                  0.0               -1.996  0.09280000000000002
     107.0                  4.0    6.064000000000014               0.0922
     206.0                 12.0   22.147000000000062  0.09160000000000001
     651.0                 26.0    50.41199999999967  0.09100000000000003
     360.0                 13.0    24.16900000000006  0.09040000000000001
     228.0                  7.0    12.13499999999998  0.08980000000000002
     269.0                  9.0   16.172000000000004               0.0892
     475.0                 17.0   32.214000000000105  0.08860000000000001
     385.0                 13.0    24.21200000000009  0.08800000000000002
     184.0                  4.0    6.074999999999994               0.0874
      82.0                  3.0    4.047000000000004  0.08680000000000002
     305.0                  0.0               -1.964  0.08620000000000003
     260.0                  9.0    16.10100000000002  0.08560000000000001
     352.0                  8.0   14.148999999999992  0.08500000000000002
     148.0                  9.0   16.100999999999992               0.0844
     709.0                 19.0   36.245999999999974  0.08380000000000001
     237.0                 10.0   18.127999999999982  0.08320000000000002
     618.0                 22.0    42.31699999999992               0.0826
     247.0                 11.0   20.150000000000052  0.08200000000000002
     659.0                 20.0   38.271999999999956  0.08140000000000003
     520.0                 20.0   38.280999999999935  0.08080000000000001
     212.0                  6.0   10.104999999999984  0.08020000000000002
     152.0                  8.0   14.112999999999966               0.0796
     497.0                 21.0    40.29000000000002  0.07900000000000001
     331.0                 11.0    20.19400000000002  0.07840000000000003
      82.0                  5.0    8.042999999999996  0.07780000000000001
     283.0                  5.0    8.049999999999995  0.07720000000000002
      53.0                  1.0  0.01999999999999913               0.0766
     129.0                  6.0   10.065999999999987  0.07600000000000001
     195.0                  5.0    8.089999999999996  0.07540000000000002
     421.0                 18.0    34.22199999999997               0.0748
     313.0                 16.0    30.21000000000011  0.07420000000000002
     376.0                 16.0   30.229000000000074  0.07360000000000003
     262.0                 11.0    20.14900000000003  0.07300000000000001
     153.0                  8.0   14.107999999999981  0.07240000000000002
     171.0                 10.0    18.12400000000001               0.0718
     356.0                 10.0   18.155000000000037  0.07120000000000001
     172.0                  7.0    12.10899999999999  0.07060000000000002
     122.0                  4.0    6.052999999999999                 0.07
     635.0                 23.0    44.31799999999981  0.06940000000000002
     111.0                  3.0    4.060000000000008  0.06880000000000003
     734.0                 22.0    42.29699999999985  0.06820000000000001
     593.0                 24.0    46.34399999999991  0.06760000000000002
     505.0                 22.0   42.299999999999955                0.067
     180.0                 10.0   18.101000000000013  0.06640000000000001
      45.0                  1.0  0.03199999999999914  0.06580000000000003
      16.0                  1.0   0.0129999999999999  0.06520000000000001
      61.0                  1.0  0.03199999999999781  0.06460000000000002
      86.0                  5.0    8.062999999999997  0.06400000000000003
     334.0                  8.0   14.153000000000015  0.06340000000000001
     841.0                 26.0    50.32999999999984  0.06280000000000002
      38.0                  1.0 0.014999999999998348 0.062200000000000005
     777.0                 30.0    58.35199999999973 0.061600000000000016
      50.0                  1.0 0.024999999999998135 0.061000000000000026
     332.0                 18.0    34.19900000000004  0.06040000000000001
     479.0                 17.0    32.25400000000012  0.05980000000000002
      17.0                  1.0 0.013999999999999346  0.05920000000000003
     385.0                 17.0    32.25000000000006  0.05860000000000001
     150.0                  7.0   12.090999999999978 0.058000000000000024
     264.0                 10.0    18.16300000000004  0.05740000000000001
     219.0                 11.0   20.158000000000023  0.05680000000000002
     262.0                  7.0   12.094999999999999  0.05620000000000003
     145.0                  7.0   12.105999999999984  0.05560000000000001
    1154.0                 32.0   62.414999999999516  0.05500000000000002
     661.0                 19.0    36.25200000000005 0.054400000000000004
     204.0                 11.0    20.14700000000003 0.053800000000000014
     194.0                 11.0    20.15700000000003 0.053200000000000025
      30.0                  1.0 0.020999999999999908  0.05260000000000001
     551.0                 24.0   46.353999999999914  0.05200000000000002
     381.0                  9.0               16.188  0.05140000000000003
     191.0                  8.0   14.093999999999971  0.05080000000000001
     395.0                 17.0   32.240000000000094  0.05020000000000002
     432.0                 17.0   32.265000000000086 0.049600000000000005
     218.0                 14.0    26.13100000000005 0.049000000000000016
     748.0                 26.0   50.332999999999714 0.048400000000000026
     159.0                 11.0   20.126000000000023  0.04780000000000001
      64.0                  3.0    4.045000000000007  0.04720000000000002
     251.0                 10.0   18.158000000000047  0.04660000000000003
     239.0                 13.0   24.160000000000057  0.04600000000000001
     154.0                  6.0   10.070999999999993 0.045400000000000024
     194.0                 10.0   18.143000000000033 0.044800000000000006
     659.0                 26.0   50.387999999999806  0.04420000000000002
     370.0                 18.0    34.28300000000003  0.04360000000000003
     124.0                  6.0   10.078999999999983  0.04300000000000001
     167.0                 12.0   22.138000000000044  0.04240000000000002
     368.0                 17.0    32.22900000000004  0.04180000000000003
     182.0                  9.0   16.108999999999984 0.041200000000000014
     824.0                 27.0    52.33899999999973 0.040600000000000025
     143.0                  8.0   14.127999999999963  0.04000000000000001
      56.0                  4.0   6.0450000000000035  0.03940000000000002
     361.0                 15.0   28.214000000000098  0.03880000000000003
     188.0                 10.0   18.133000000000006  0.03820000000000001
     274.0                 15.0   28.191000000000095  0.03760000000000002
      88.0                  5.0    8.064999999999998 0.037000000000000005
     144.0                  8.0   14.119000000000009 0.036400000000000016
     278.0                 13.0   24.171000000000063 0.035800000000000026
     158.0                 11.0   20.129000000000026  0.03520000000000001
     336.0                 18.0    34.23900000000002  0.03460000000000002
     595.0                 23.0     44.3259999999998  0.03400000000000003
      56.0                  6.0   10.046999999999993  0.03340000000000001
    1286.0                 32.0    62.42699999999966 0.032800000000000024
    1191.0                 38.0     74.5559999999999 0.032200000000000006
     198.0                 11.0    20.13700000000004  0.03160000000000002
     523.0                 28.0   54.361999999999824 0.031000000000000028
      36.0                  1.0 0.020999999999999464  0.03040000000000001
       4.0                  0.0  -1.9969999999999999  0.02980000000000002
     215.0                 11.0   20.124000000000027  0.02920000000000003
    1252.0                 45.0     88.6470000000005 0.028600000000000014
    1162.0                 43.0    84.48700000000044 0.028000000000000025
     354.0                 12.0   22.167000000000055 0.027400000000000008
     493.0                 21.0   40.337999999999816 0.026800000000000018
    1205.0                 41.0    80.47600000000014  0.02620000000000003
     261.0                 15.0   28.190000000000097  0.02560000000000001
     503.0                 25.0   48.349999999999845 0.025000000000000022
    1240.0                 45.0     88.5910000000002 0.024400000000000033
     228.0                 13.0   24.159000000000106 0.023800000000000016
     905.0                 42.0     82.5700000000003 0.023200000000000026
     685.0                 34.0     66.3999999999999  0.02260000000000001
     846.0                 34.0    66.53899999999963  0.02200000000000002
     390.0                 17.0    32.23900000000005  0.02140000000000003
     319.0                 16.0   30.194000000000113 0.020800000000000013
     665.0                 33.0    64.42799999999973 0.020200000000000023
     710.0                 31.0   60.350999999999694 0.019600000000000006
     186.0                 14.0   26.133000000000052 0.019000000000000017
     757.0                 37.0    72.46999999999989 0.018400000000000027
      27.0                  0.0               -2.002  0.01780000000000001
      79.0                  4.0    6.056000000000006  0.01720000000000002
     576.0                 29.0     56.3429999999997  0.01660000000000003
     754.0                 34.0     66.4889999999998 0.016000000000000014
     117.0                  5.0    8.065999999999988 0.015400000000000025
     501.0                 22.0    42.30000000000004 0.014800000000000008
     435.0                 22.0    42.33199999999988 0.014200000000000018
    1180.0                 42.0    82.57700000000042 0.013600000000000029
     903.0                 39.0    76.49799999999995 0.013000000000000012
    1435.0                 47.0    92.63400000000055 0.012400000000000022
     145.0                  9.0   16.123999999999985 0.011800000000000033
    1526.0                 46.0    90.63900000000058 0.011200000000000015
     588.0                 20.0   38.233000000000054 0.010600000000000026
     749.0                 28.0   54.419999999999675 0.010000000000000009
     339.0                 18.0   34.254000000000076  0.00940000000000002
     680.0                 31.0   60.440999999999605  0.00880000000000003
     655.0                 36.0    70.51799999999994 0.008200000000000013
    1027.0                 44.0    86.62400000000048 0.007600000000000023
     209.0                 16.0   30.194000000000106 0.007000000000000034
    1721.0                 47.0    92.65800000000056 0.006400000000000017
     682.0                 34.0    66.45299999999976 0.005800000000000027
     297.0                 19.0    36.23199999999999  0.00520000000000001
    1014.0                 44.0    86.53700000000019 0.004600000000000021
     610.0                 31.0    60.41499999999967 0.004000000000000031
    1319.0                 54.0   106.68800000000098 0.003400000000000014
     587.0                 32.0    62.42799999999948 0.0028000000000000247
     469.0                 27.0    52.33599999999978 0.0022000000000000353
    1257.0                 47.0     92.6180000000006 0.001600000000000018
    1996.0                 54.0   106.75100000000116 0.0010000000000000286
    2045.0                 57.0   112.83600000000139 0.00040000000000001146
    1239.0                 49.0    96.67000000000078                  0.0
    2306.0                 62.0   122.90500000000155                  0.0
    1990.0                 57.0   112.86100000000134                  0.0
    1314.0                 56.0   110.78300000000141                  0.0
     733.0                 35.0    68.53399999999995                  0.0
    2257.0                 66.0   130.87800000000175                  0.0
    1856.0                 61.0   120.82100000000128                  0.0
     380.0                 23.0    44.31699999999986                  0.0
    2202.0                 61.0   120.85500000000145                  0.0
    1833.0                 61.0   120.84600000000158                  0.0
    1623.0                 64.0   126.88400000000172                  0.0
    2657.0                 75.0    148.9520000000022                  0.0
     830.0                 38.0    74.49899999999997                  0.0
    1175.0                 54.0   106.64000000000091                  0.0
    1369.0                 56.0   110.76200000000128                  0.0
     730.0                 38.0    74.48500000000003                  0.0
     932.0                 41.0     80.5690000000002                  0.0
     912.0                 43.0    84.56500000000044                  0.0
    1184.0                 43.0    84.58700000000033                  0.0
    1499.0                 56.0   110.80800000000177                  0.0
    1309.0                 56.0   110.73000000000104                  0.0
    1590.0                 61.0   120.80300000000155                  0.0
    1763.0                 63.0   124.82400000000156                  0.0
    1025.0                 37.0     72.4479999999999                  0.0
     656.0                 36.0    70.43099999999978                  0.0
    1164.0                 47.0     92.5450000000004                  0.0
    1357.0                 56.0   110.79200000000112                  0.0
     766.0                 39.0     76.5470000000001                  0.0
    1446.0                 51.0   100.74900000000089                  0.0
    1005.0                 55.0   108.69400000000081                  0.0
    1320.0                 56.0   110.75900000000117                  0.0
     466.0                 26.0   50.420999999999765                  0.0
    1622.0                 61.0   120.80100000000138                  0.0
     513.0                 30.0   58.439999999999735                  0.0
    2267.0                 66.0    130.8920000000017                  0.0
    1554.0                 59.0   116.77900000000164                  0.0
     844.0                 45.0    88.63700000000041                  0.0
     524.0                 29.0   56.430999999999734                  0.0
     952.0                 43.0    84.57700000000034                  0.0
    2173.0                 66.0    130.8140000000019                  0.0
    1334.0                 59.0   116.82500000000134                  0.0
    1500.0                 59.0    116.6830000000012                  0.0
    1157.0                 52.0    102.7360000000007                  0.0
     479.0                 29.0    56.43599999999979                  0.0
     849.0                 46.0    90.59000000000034                  0.0
     441.0                 23.0   44.335999999999885                  0.0
     911.0                 46.0    90.61600000000045                  0.0
    1040.0                 44.0    86.65300000000036                  0.0
    1465.0                 68.0   134.91600000000213                  0.0
     638.0                 37.0    72.50700000000008                  0.0
     849.0                 49.0    96.62000000000066                  0.0
     911.0                 43.0     84.6160000000005                  0.0
    1118.0                 50.0    98.72300000000074                  0.0
     857.0                 43.0    84.55400000000051                  0.0
    1123.0                 55.0   108.68600000000114                  0.0
     960.0                 48.0    94.65900000000063                  0.0
    1071.0                 46.0    90.69800000000042                  0.0
     792.0                 44.0    86.59700000000046                  0.0
    1415.0                 62.0    122.7640000000012                  0.0
     434.0                 28.0    54.35899999999979                  0.0
     984.0                 46.0    90.67300000000037                  0.0
     904.0                 50.0    98.62100000000069                  0.0
    2417.0                 71.0   140.85200000000168                  0.0
    1267.0                 60.0    118.8700000000014                  0.0
     739.0                 40.0    78.51600000000015                  0.0
    1490.0                 62.0   122.77900000000145                  0.0
    1353.0                 69.0   136.89000000000198                  0.0
     763.0                 47.0    92.59600000000044                  0.0
     476.0                 26.0    50.38299999999977                  0.0
    1814.0                 62.0   122.90900000000151                  0.0
    1000.0                 49.0    96.68500000000097                  0.0
     737.0                 41.0    80.59800000000033                  0.0
    1292.0                 60.0   118.70700000000129                  0.0
    1054.0                 51.0   100.85300000000093                  0.0
     869.0                 47.0    92.64800000000028                  0.0
     630.0                 43.0    84.55700000000033                  0.0
    1598.0                 74.0   147.01700000000224                  0.0
     538.0                 38.0    74.48099999999982                  0.0
    1408.0                 64.0   126.83900000000148                  0.0
     971.0                 51.0   100.71000000000089                  0.0
    1071.0                 51.0    100.7460000000011                  0.0
    1594.0                 64.0   126.81500000000145                  0.0
    1605.0                 66.0   130.82400000000186                  0.0
     632.0                 36.0    70.52299999999978                  0.0
    1465.0                 65.0     128.950000000002                  0.0
     920.0                 53.0    104.6670000000008                  0.0
     585.0                 38.0               74.536                  0.0
     361.0                 28.0   54.345999999999755                  0.0
     509.0                 30.0   58.411999999999615                  0.0
    1147.0                 57.0   112.72800000000095                  0.0
     860.0                 49.0    96.63500000000047                  0.0
    1244.0                 59.0   116.76100000000132                  0.0
    1298.0                 58.0   114.72900000000121                  0.0
     845.0                 47.0    92.66400000000064                  0.0
    1074.0                 56.0   110.65900000000113                  0.0
     669.0                 35.0     68.4959999999998                  0.0
    1097.0                 51.0   100.71000000000079                  0.0
     901.0                 50.0    98.65600000000087                  0.0
    1710.0                 78.0   155.06100000000265                  0.0
     778.0                 43.0    84.60500000000043                  0.0
     913.0                 48.0    94.64800000000056                  0.0
     731.0                 42.0    82.61400000000026                  0.0
     654.0                 41.0    80.54300000000006                  0.0
     993.0                 49.0     96.7520000000009                  0.0
    1259.0                 56.0    110.7680000000013                  0.0
    1411.0                 72.0   142.96200000000232                  0.0
    1271.0                 62.0   122.91200000000154                  0.0
    1221.0                 63.0   124.85200000000145                  0.0
    1075.0                 57.0   112.81400000000146                  0.0
    1213.0                 56.0   110.71400000000102                  0.0
     577.0                 37.0     72.5059999999999                  0.0
     345.0                 21.0    40.25999999999995                  0.0
    1110.0                 58.0   114.74700000000138                  0.0
    1197.0                 63.0   124.79800000000157                  0.0
     894.0                 50.0    98.64500000000062                  0.0
     642.0                 36.0    70.54299999999982                  0.0
    1121.0                 59.0   116.80800000000143                  0.0
    1252.0                 63.0   124.86700000000167                  0.0
    1044.0                 58.0   114.86700000000137                  0.0
     345.0                 23.0    44.32399999999989                  0.0
     337.0                 25.0    48.31999999999975                  0.0
     914.0                 46.0    90.57700000000058                  0.0
     738.0                 43.0    84.58500000000025                  0.0
    1021.0                 50.0     98.6180000000007                  0.0
    1369.0                 60.0   118.87000000000148                  0.0
     886.0                 49.0     96.6250000000005                  0.0
     828.0                 48.0    94.61100000000059                  0.0
     674.0                 42.0    82.53700000000029                  0.0
     569.0                 34.0    66.44399999999949                  0.0
     894.0                 46.0    90.67500000000052                  0.0
    1629.0                 69.0   136.89000000000195                  0.0
     814.0                 47.0    92.65900000000059                  0.0
     434.0                 25.0   48.374999999999766                  0.0
    1020.0                 50.0    98.69500000000076                  0.0
     892.0                 44.0    86.60900000000045                  0.0
    1788.0                 73.0   144.99700000000226                  0.0
    1101.0                 54.0    106.7720000000011                  0.0
    1389.0                 64.0   126.79600000000167                  0.0
    2085.0                 77.0   153.11000000000274                  0.0
     362.0                 27.0    52.35299999999976                  0.0
     695.0                 39.0    76.64600000000013                  0.0
     781.0                 47.0    92.56000000000051                  0.0
     638.0                 38.0     74.5109999999998                  0.0
     632.0                 36.0    70.51499999999994                  0.0
    1263.0                 62.0   122.92800000000169                  0.0
    1494.0                 68.0   134.90100000000197                  0.0
     947.0                 49.0    96.67800000000058                  0.0
     856.0                 44.0     86.6830000000005                  0.0
    1554.0                 73.0   145.07700000000233                  0.0
     816.0                 46.0    90.65300000000072                  0.0
     690.0                 45.0    88.58900000000044                  0.0
    1251.0                 58.0   114.82000000000103                  0.0
    1435.0                 62.0   122.80200000000164                  0.0
    1124.0                 55.0   108.68300000000079                  0.0
    1656.0                 69.0   137.02500000000208                  0.0
     935.0                 48.0    94.70600000000078                  0.0
    1216.0                 63.0   124.80900000000142                  0.0
    1253.0                 58.0   114.75600000000111                  0.0
    1474.0                 71.0   140.96700000000203                  0.0
    1391.0                 71.0   141.03400000000207                  0.0
     918.0                 49.0    96.70900000000087                  0.0
     966.0                 50.0    98.66300000000079                  0.0
     710.0                 40.0     78.5910000000003                  0.0
     540.0                 37.0    72.50500000000005                  0.0
    1009.0                 58.0   114.73600000000116                  0.0
     822.0                 41.0    80.66300000000032                  0.0
    1068.0                 54.0     106.679000000001                  0.0
     895.0                 49.0    96.65200000000043                  0.0
     646.0                 42.0    82.59900000000034                  0.0
     768.0                 50.0    98.58300000000058                  0.0
     563.0                 34.0    66.45199999999981                  0.0
     345.0                 24.0   46.305999999999834                  0.0
     815.0                 45.0    88.59600000000034                  0.0
    1320.0                 64.0   126.84700000000115                  0.0
     585.0                 38.0    74.49399999999984                  0.0
    1680.0                 73.0   145.03500000000227                  0.0
     817.0                 46.0     90.6580000000003                  0.0
     822.0                 45.0    88.60900000000063                  0.0
     963.0                 48.0    94.67600000000073                  0.0
    1321.0                 65.0    128.8780000000016                  0.0
    1106.0                 60.0   118.80100000000141                  0.0
    1316.0                 59.0   116.79700000000118                  0.0
     615.0                 36.0    70.51199999999976                  0.0
