
########################################################################## 
################################ Settings ################################ 
########################################################################## 

Using linear eps. decay. 
####### Hyperparameters ####### : 
batch_size: 64
 gamma: 0.985
 initial_epsilon: 1.0
 minimal_epsilon: 0.001
 epsilon_decay_rate: 0.002
 target_update_frequency: 50
 learning_rate: 2.5e-05
 memory_size: 1000000
 n_episodes: 670
 
####### Optimizer ####### : 
 Adam (
Parameter Group 0
    amsgrad: False
    betas: (0.9, 0.999)
    capturable: False
    eps: 1e-08
    foreach: None
    lr: 2.5e-05
    maximize: False
    weight_decay: 0
)

####### Loss function ####### : 
 MSELoss()

####### Network structure #######: 
 DeepQNetwork(
  (lin1): Linear(in_features=18, out_features=360, bias=True)
  (lin2): Linear(in_features=360, out_features=180, bias=True)
  (lin3): Linear(in_features=180, out_features=4, bias=True)
  (rectifier): ReLU()
)

########################################################################## 
################################## DATA ################################## 
########################################################################## 
              steps:              scores:             epsilon:
                21.0                  0.0                  1.0
                36.0                  0.0                  1.0
                20.0                  0.0                0.996
                19.0                  0.0                0.994
                 5.0                  0.0                0.992
                39.0                  0.0                 0.99
                21.0                  0.0                0.988
                 4.0                  0.0                0.986
                11.0                  0.0                0.984
                 1.0                  0.0                0.982
                21.0                  0.0                 0.98
                 3.0                  0.0                0.978
                72.0                  0.0                0.976
                32.0                  1.0                0.974
                36.0                  0.0                0.972
                40.0                  0.0                 0.97
                27.0                  0.0                0.968
                 5.0                  0.0                0.966
                 3.0                  0.0                0.964
                 4.0                  0.0                0.962
                11.0                  0.0                 0.96
                16.0                  0.0                0.958
                23.0                  0.0                0.956
                11.0                  0.0                0.954
                 0.0                  0.0                0.952
                 9.0                  0.0                 0.95
                19.0                  0.0                0.948
                22.0                  0.0                0.946
                 4.0                  0.0                0.944
                 2.0                  0.0                0.942
                36.0                  0.0                 0.94
                 2.0                  0.0                0.938
                28.0                  0.0   0.9359999999999999
                 3.0                  0.0   0.9339999999999999
                86.0                  1.0   0.9319999999999999
                13.0                  0.0   0.9299999999999999
                56.0                  0.0   0.9279999999999999
               120.0                  0.0                0.926
                 0.0                  0.0                0.924
               162.0                  0.0                0.922
                68.0                  1.0                 0.92
                58.0                  0.0                0.918
                 1.0                  0.0                0.916
                 6.0                  0.0                0.914
                12.0                  0.0                0.912
                59.0                  1.0                 0.91
                24.0                  0.0                0.908
                52.0                  0.0                0.906
                26.0                  0.0                0.904
                 8.0                  0.0                0.902
                17.0                  0.0                  0.9
               167.0                  1.0                0.898
                30.0                  0.0                0.896
                11.0                  0.0                0.894
                 7.0                  0.0                0.892
                90.0                  0.0                 0.89
                 7.0                  0.0                0.888
                15.0                  0.0                0.886
                43.0                  0.0                0.884
                18.0                  0.0                0.882
                 3.0                  0.0                 0.88
                 2.0                  0.0                0.878
                12.0                  1.0                0.876
                89.0                  0.0                0.874
                59.0                  0.0                0.872
                42.0                  0.0                 0.87
                50.0                  0.0                0.868
                15.0                  0.0                0.866
                 4.0                  0.0                0.864
                63.0                  1.0                0.862
                 4.0                  0.0                 0.86
                27.0                  0.0                0.858
                97.0                  0.0                0.856
                42.0                  0.0                0.854
                75.0                  0.0                0.852
                32.0                  0.0                 0.85
                18.0                  1.0                0.848
               283.0                  0.0                0.846
               348.0                  0.0                0.844
                23.0                  0.0                0.842
                 3.0                  0.0                 0.84
                46.0                  0.0                0.838
                14.0                  0.0                0.836
                16.0                  0.0                0.834
                19.0                  0.0                0.832
                 5.0                  0.0                 0.83
                64.0                  1.0                0.828
               310.0                  1.0                0.826
                10.0                  0.0   0.8240000000000001
                53.0                  1.0   0.8220000000000001
                72.0                  0.0   0.8200000000000001
                37.0                  0.0   0.8180000000000001
                46.0                  0.0   0.8160000000000001
                 6.0                  0.0   0.8140000000000001
                 0.0                  0.0                0.812
                 5.0                  0.0                 0.81
                36.0                  0.0                0.808
               255.0                  0.0                0.806
               114.0                  2.0                0.804
               115.0                  1.0                0.802
               134.0                  0.0                  0.8
                35.0                  0.0                0.798
                 8.0                  0.0                0.796
                41.0                  0.0                0.794
                11.0                  0.0                0.792
                 9.0                  0.0                 0.79
               567.0                  0.0                0.788
                 7.0                  0.0                0.786
               143.0                  0.0                0.784
                56.0                  0.0                0.782
               110.0                  0.0                 0.78
               267.0                  1.0                0.778
                24.0                  1.0                0.776
               138.0                  0.0                0.774
                82.0                  0.0                0.772
                 0.0                  0.0                 0.77
                 3.0                  0.0                0.768
                31.0                  0.0                0.766
               154.0                  2.0                0.764
                 4.0                  0.0                0.762
               106.0                  1.0                 0.76
               600.0                  0.0                0.758
                81.0                  1.0                0.756
                67.0                  0.0                0.754
               118.0                  1.0                0.752
               289.0                  1.0                 0.75
                39.0                  0.0                0.748
                11.0                  0.0                0.746
                80.0                  1.0                0.744
                70.0                  1.0                0.742
                 2.0                  0.0                 0.74
               282.0                  2.0                0.738
                 3.0                  0.0                0.736
                86.0                  0.0                0.734
               296.0                  0.0                0.732
                58.0                  0.0                 0.73
               194.0                  4.0                0.728
                25.0                  0.0                0.726
                 3.0                  0.0                0.724
                69.0                  0.0                0.722
                21.0                  0.0                 0.72
                54.0                  0.0                0.718
               155.0                  1.0                0.716
                12.0                  0.0                0.714
                44.0                  1.0                0.712
               113.0                  1.0                 0.71
                35.0                  0.0                0.708
               762.0                  3.0                0.706
                 0.0                  0.0                0.704
               158.0                  0.0                0.702
               166.0                  2.0                  0.7
               366.0                  2.0                0.698
               113.0                  0.0                0.696
               307.0                  3.0                0.694
                45.0                  1.0                0.692
                 1.0                  0.0                 0.69
                17.0                  0.0                0.688
                 2.0                  0.0   0.6859999999999999
                31.0                  0.0   0.6839999999999999
                 5.0                  0.0   0.6819999999999999
                 5.0                  0.0   0.6799999999999999
                 0.0                  0.0   0.6779999999999999
               517.0                  0.0   0.6759999999999999
               378.0                  5.0   0.6739999999999999
                85.0                  0.0   0.6719999999999999
                10.0                  0.0   0.6699999999999999
                 3.0                  0.0   0.6679999999999999
                64.0                  0.0   0.6659999999999999
                20.0                  0.0   0.6639999999999999
                 8.0                  0.0   0.6619999999999999
               167.0                  5.0   0.6599999999999999
                49.0                  1.0   0.6579999999999999
                44.0                  1.0   0.6559999999999999
               325.0                  0.0   0.6539999999999999
                89.0                  1.0   0.6519999999999999
                 1.0                  0.0   0.6499999999999999
                 0.0                  0.0                0.648
                51.0                  0.0                0.646
                66.0                  1.0                0.644
                 2.0                  0.0                0.642
               194.0                  4.0                 0.64
                25.0                  0.0                0.638
                16.0                  0.0                0.636
               261.0                  1.0                0.634
               319.0                  5.0                0.632
                 1.0                  0.0                 0.63
                73.0                  0.0                0.628
               299.0                  1.0                0.626
               126.0                  0.0                0.624
               237.0                  1.0                0.622
                50.0                  2.0                 0.62
                33.0                  1.0                0.618
               225.0                  4.0                0.616
               107.0                  3.0                0.614
                98.0                  4.0                0.612
                79.0                  1.0                 0.61
               398.0                  1.0                0.608
                 1.0                  0.0                0.606
                37.0                  1.0                0.604
               154.0                  2.0                0.602
               134.0                  3.0                  0.6
                34.0                  0.0                0.598
               674.0                  3.0                0.596
                71.0                  0.0                0.594
               255.0                  0.0                0.592
               111.0                  1.0                 0.59
               338.0                  3.0                0.588
                28.0                  1.0                0.586
                55.0                  2.0                0.584
               205.0                  4.0   0.5820000000000001
                52.0                  2.0   0.5800000000000001
                13.0                  1.0   0.5780000000000001
               511.0                  3.0   0.5760000000000001
                 1.0                  0.0   0.5740000000000001
                 6.0                  0.0   0.5720000000000001
               275.0                  5.0   0.5700000000000001
               150.0                  3.0   0.5680000000000001
                17.0                  0.0   0.5660000000000001
               112.0                  5.0   0.5640000000000001
               300.0                  1.0                0.562
                 4.0                  0.0                 0.56
                 2.0                  0.0                0.558
                 0.0                  0.0                0.556
               219.0                  4.0                0.554
               188.0                  5.0                0.552
               335.0                  4.0                 0.55
               153.0                  2.0                0.548
               241.0                  4.0                0.546
               138.0                  1.0                0.544
                95.0                  2.0                0.542
                 3.0                  0.0                 0.54
               139.0                  2.0                0.538
               214.0                  1.0                0.536
                42.0                  2.0                0.534
                30.0                  1.0                0.532
                91.0                  2.0                 0.53
               109.0                  1.0                0.528
                41.0                  0.0                0.526
               162.0                  4.0                0.524
                84.0                  4.0                0.522
               215.0                  6.0                 0.52
                20.0                  0.0                0.518
               128.0                  4.0                0.516
               794.0                  4.0                0.514
                99.0                  5.0                0.512
                59.0                  2.0                 0.51
               162.0                  4.0                0.508
                 3.0                  0.0                0.506
               354.0                  2.0                0.504
                93.0                  2.0                0.502
                 1.0                  0.0                  0.5
               143.0                  2.0                0.498
               150.0                  2.0                0.496
               126.0                  5.0                0.494
                87.0                  4.0                0.492
               309.0                  3.0                 0.49
                 1.0                  0.0                0.488
                20.0                  2.0                0.486
               208.0                  4.0                0.484
                 1.0                  0.0                0.482
               286.0                  4.0                 0.48
                 1.0                  0.0                0.478
                10.0                  0.0                0.476
               643.0                  2.0                0.474
                 1.0                  0.0                0.472
               124.0                  5.0                 0.47
               631.0                  2.0  0.46799999999999997
                84.0                  0.0  0.46599999999999997
               143.0                  3.0  0.46399999999999997
                70.0                  4.0  0.46199999999999997
                52.0                  3.0  0.45999999999999996
                 3.0                  0.0  0.45799999999999996
                58.0                  1.0  0.45599999999999996
               344.0                  0.0  0.45399999999999996
                28.0                  2.0  0.45199999999999996
               349.0                  0.0  0.44999999999999996
                19.0                  0.0  0.44799999999999995
                 6.0                  0.0  0.44599999999999995
               206.0                  4.0  0.44399999999999995
                 3.0                  0.0  0.44199999999999995
               179.0                  5.0  0.43999999999999995
               316.0                  4.0  0.43799999999999994
                48.0                  2.0  0.43599999999999994
               124.0                  4.0  0.43399999999999994
                90.0                  4.0  0.43199999999999994
                49.0                  1.0  0.42999999999999994
               600.0                  0.0  0.42799999999999994
                43.0                  2.0  0.42599999999999993
               262.0                  5.0  0.42399999999999993
                15.0                  0.0  0.42200000000000004
                66.0                  1.0  0.42000000000000004
               403.0                  0.0  0.41800000000000004
               223.0                  3.0  0.41600000000000004
               236.0                  3.0  0.41400000000000003
                34.0                  0.0  0.41200000000000003
                 2.0                  0.0  0.41000000000000003
                18.0                  1.0  0.40800000000000003
                21.0                  0.0                0.406
               610.0                  2.0                0.404
               130.0                  3.0                0.402
               687.0                  3.0                  0.4
                 1.0                  0.0                0.398
               513.0                  5.0                0.396
               276.0                  7.0                0.394
               140.0                  3.0                0.392
                59.0                  1.0                 0.39
                 5.0                  0.0                0.388
               151.0                  2.0                0.386
               230.0                  0.0                0.384
               621.0                  1.0                0.382
               226.0                  5.0                 0.38
               616.0                  1.0                0.378
               412.0                  1.0                0.376
               605.0                  1.0                0.374
                77.0                  1.0                0.372
               619.0                  1.0                 0.37
                 1.0                  0.0                0.368
               204.0                  9.0                0.366
               240.0                  6.0                0.364
               217.0                  6.0                0.362
               164.0                  6.0                 0.36
               105.0                  2.0                0.358
               600.0                  0.0                0.356
                82.0                  2.0                0.354
               340.0                  3.0                0.352
               167.0                  7.0                 0.35
               262.0                  7.0                0.348
               287.0                  7.0                0.346
                14.0                  0.0                0.344
                75.0                  3.0  0.34199999999999997
               755.0                  3.0  0.33999999999999997
                24.0                  0.0  0.33799999999999997
                36.0                  2.0  0.33599999999999997
               287.0                  0.0  0.33399999999999996
                 4.0                  0.0  0.33199999999999996
                63.0                  2.0  0.32999999999999996
               188.0                  1.0  0.32799999999999996
               133.0                  4.0  0.32599999999999996
                66.0                  3.0  0.32399999999999995
                81.0                  3.0  0.32199999999999995
               580.0                  0.0  0.31999999999999995
               117.0                  2.0  0.31799999999999995
               103.0                  3.0  0.31599999999999995
               133.0                  4.0  0.31399999999999995
               178.0                  5.0  0.31199999999999994
               156.0                  4.0  0.30999999999999994
                63.0                  4.0  0.30799999999999994
               310.0                  3.0  0.30599999999999994
               191.0                  4.0  0.30399999999999994
               600.0                  0.0  0.30199999999999994
               103.0                  3.0  0.29999999999999993
                55.0                  2.0  0.29799999999999993
                 0.0                  0.0  0.29600000000000004
               138.0                  5.0  0.29400000000000004
                44.0                  2.0  0.29200000000000004
               129.0                  1.0  0.29000000000000004
                 5.0                  0.0  0.28800000000000003
               327.0                  3.0  0.28600000000000003
                 3.0                  0.0  0.28400000000000003
               133.0                  5.0  0.28200000000000003
               135.0                  3.0                 0.28
                 0.0                  0.0                0.278
               101.0                  3.0                0.276
               136.0                  2.0                0.274
                91.0                  6.0                0.272
               211.0                  7.0                 0.27
               116.0                  5.0                0.268
               155.0                  5.0                0.266
                43.0                  0.0                0.264
               154.0                  7.0                0.262
                77.0                  3.0                 0.26
                67.0                  1.0                0.258
               111.0                  3.0                0.256
                92.0                  4.0                0.254
                67.0                  2.0                0.252
                76.0                  3.0                 0.25
               447.0                  8.0                0.248
               105.0                  9.0                0.246
               207.0                  4.0                0.244
                36.0                  1.0                0.242
                45.0                  1.0                 0.24
               118.0                  2.0                0.238
               209.0                  4.0                0.236
               159.0                  3.0  0.23399999999999999
               163.0                  7.0  0.23199999999999998
               614.0                  1.0  0.22999999999999998
               123.0                  3.0  0.22799999999999998
                64.0                  3.0  0.22599999999999998
               244.0                  4.0  0.22399999999999998
               150.0                  4.0  0.22199999999999998
               203.0                  3.0  0.21999999999999997
               214.0                  5.0  0.21799999999999997
                23.0                  1.0  0.21599999999999997
               106.0                  3.0  0.21399999999999997
               156.0                  4.0  0.21199999999999997
                30.0                  0.0  0.20999999999999996
               165.0                  5.0  0.20799999999999996
               630.0                  1.0  0.20599999999999996
                83.0                  3.0  0.20399999999999996
               181.0                  8.0  0.20199999999999996
               124.0                  4.0  0.19999999999999996
               621.0                  2.0  0.19799999999999995
               163.0                  9.0  0.19599999999999995
               124.0                  5.0  0.19399999999999995
               154.0                  7.0  0.19199999999999995
               290.0                  7.0  0.18999999999999995
               302.0                  8.0  0.18799999999999994
               177.0                  7.0  0.18599999999999994
               355.0                 10.0  0.18399999999999994
                99.0                  6.0  0.18199999999999994
               238.0                  9.0  0.17999999999999994
               311.0                 10.0  0.17799999999999994
               175.0                  9.0  0.17599999999999993
               127.0                  4.0  0.17399999999999993
               209.0                  7.0  0.17199999999999993
                69.0                  3.0  0.16999999999999993
               253.0                  4.0  0.16799999999999993
                22.0                  0.0  0.16600000000000004
               312.0                 12.0  0.16400000000000003
                93.0                  2.0  0.16200000000000003
               123.0                  8.0  0.16000000000000003
               199.0                  8.0  0.15800000000000003
                98.0                  8.0  0.15600000000000003
               251.0                  9.0  0.15400000000000003
               104.0                  5.0  0.15200000000000002
                32.0                  1.0  0.15000000000000002
               142.0                  6.0  0.14800000000000002
               129.0                  4.0  0.14600000000000002
               339.0                 13.0  0.14400000000000002
               464.0                  8.0  0.14200000000000002
               176.0                  4.0                 0.14
               211.0                  8.0                0.138
                50.0                  2.0                0.136
               518.0                 16.0                0.134
               102.0                  4.0                0.132
                26.0                  0.0                 0.13
               417.0                 10.0                0.128
               281.0                 10.0                0.126
               242.0                  9.0                0.124
               220.0                  8.0                0.122
               180.0                  9.0                 0.12
               410.0                 10.0                0.118
               229.0                  6.0  0.11599999999999999
               134.0                  7.0  0.11399999999999999
               284.0                 10.0  0.11199999999999999
               435.0                 19.0  0.10999999999999999
               278.0                 18.0  0.10799999999999998
                61.0                  3.0  0.10599999999999998
               172.0                  9.0  0.10399999999999998
                39.0                  5.0  0.10199999999999998
                93.0                  5.0  0.09999999999999998
               210.0                 12.0  0.09799999999999998
               384.0                 18.0  0.09599999999999997
                 4.0                  0.0  0.09399999999999997
               261.0                 10.0  0.09199999999999997
                89.0                  5.0  0.08999999999999997
                87.0                  6.0  0.08799999999999997
               644.0                 23.0  0.08599999999999997
               286.0                 11.0  0.08399999999999996
               715.0                 27.0  0.08199999999999996
               186.0                  8.0  0.07999999999999996
               486.0                 25.0  0.07799999999999996
               161.0                  9.0  0.07599999999999996
               227.0                  1.0  0.07399999999999995
               540.0                 17.0  0.07199999999999995
               474.0                 29.0  0.06999999999999995
               385.0                 21.0  0.06799999999999995
              1062.0                 42.0  0.06599999999999995
               355.0                  8.0  0.06399999999999995
               267.0                  1.0 0.061999999999999944
               141.0                  9.0  0.05999999999999994
                45.0                  1.0  0.05799999999999994
                59.0                  3.0  0.05599999999999994
               712.0                  3.0  0.05399999999999994
               188.0                 11.0 0.051999999999999935
               197.0                 12.0  0.04999999999999993
               573.0                 12.0  0.04799999999999993
               102.0                  2.0  0.04599999999999993
               493.0                 28.0  0.04399999999999993
                20.0                  1.0 0.041999999999999926
               465.0                 23.0 0.040000000000000036
               246.0                 15.0 0.038000000000000034
                97.0                  6.0  0.03600000000000003
               908.0                 41.0  0.03400000000000003
                 4.0                  0.0  0.03200000000000003
                67.0                  3.0 0.030000000000000027
               553.0                 19.0 0.028000000000000025
               277.0                 14.0 0.026000000000000023
               622.0                  2.0  0.02400000000000002
               806.0                 34.0  0.02200000000000002
              1603.0                 44.0 0.020000000000000018
               214.0                 14.0 0.018000000000000016
               440.0                 25.0 0.016000000000000014
               583.0                 25.0 0.014000000000000012
               661.0                 35.0  0.01200000000000001
              1519.0                 43.0 0.010000000000000009
               691.0                 29.0 0.008000000000000007
               988.0                 46.0 0.006000000000000005
               647.0                 29.0 0.0040000000000000036
               389.0                 25.0 0.0020000000000000018
              1433.0                 53.0                0.001
               636.0                  2.0                0.001
              1462.0                 47.0                0.001
               981.0                 51.0                0.001
              1638.0                 56.0                0.001
              1272.0                 47.0                0.001
              1085.0                 47.0                0.001
              1253.0                 54.0                0.001
              1158.0                 41.0                0.001
               847.0                 44.0                0.001
              1395.0                 36.0                0.001
              1186.0                 46.0                0.001
               650.0                 32.0                0.001
              1771.0                 56.0                0.001
              1359.0                 36.0                0.001
              1004.0                 33.0                0.001
              1190.0                 39.0                0.001
              1315.0                 43.0                0.001
              1656.0                 45.0                0.001
              1699.0                 57.0                0.001
               810.0                 38.0                0.001
              2302.0                 56.0                0.001
               963.0                 38.0                0.001
              1041.0                 42.0                0.001
              1698.0                 62.0                0.001
              1303.0                 55.0                0.001
               455.0                 24.0                0.001
              1287.0                 45.0                0.001
               837.0                 32.0                0.001
               377.0                 23.0                0.001
               964.0                 46.0                0.001
               845.0                 36.0                0.001
               890.0                 36.0                0.001
              2479.0                 63.0                0.001
               935.0                 42.0                0.001
               924.0                 19.0                0.001
              2418.0                 64.0                0.001
               866.0                 20.0                0.001
              1812.0                 60.0                0.001
              1698.0                 66.0                0.001
              1221.0                 50.0                0.001
              1293.0                 46.0                0.001
              2102.0                 57.0                0.001
              1074.0                 42.0                0.001
              1348.0                 46.0                0.001
              1634.0                 51.0                0.001
              1562.0                 46.0                0.001
              2635.0                 69.0                0.001
              1366.0                 57.0                0.001
              2015.0                 65.0                0.001
               990.0                 48.0                0.001
              1245.0                 23.0                0.001
              1715.0                 44.0                0.001
              1122.0                 53.0                0.001
              2245.0                 65.0                0.001
              1115.0                 48.0                0.001
              2023.0                 68.0                0.001
              2273.0                 57.0                0.001
               708.0                 41.0                0.001
              1647.0                 49.0                0.001
               671.0                 39.0                0.001
               700.0                 35.0                0.001
               796.0                 40.0                0.001
              1087.0                 51.0                0.001
              1251.0                 54.0                0.001
              2204.0                 74.0                0.001
               527.0                 30.0                0.001
              1201.0                 51.0                0.001
              1722.0                 55.0                0.001
              1348.0                 49.0                0.001
               288.0                 18.0                0.001
              1094.0                 46.0                0.001
               934.0                 40.0                0.001
              1431.0                 65.0                0.001
               938.0                 43.0                0.001
              1114.0                 50.0                0.001
              1710.0                 63.0                0.001
              1744.0                 72.0                0.001
               593.0                 34.0                0.001
               690.0                 37.0                0.001
              1241.0                 57.0                0.001
              2603.0                 84.0                0.001
               809.0                 43.0                0.001
              1568.0                 60.0                0.001
              1848.0                 53.0                0.001
              1260.0                 58.0                0.001
              1529.0                 65.0                0.001
               207.0                 16.0                0.001
              1312.0                 61.0                0.001
              1118.0                 54.0                0.001
               754.0                 37.0                0.001
              2220.0                 74.0                0.001
              1354.0                 59.0                0.001
              1813.0                 54.0                0.001
              1809.0                 63.0                0.001
              1013.0                 46.0                0.001
               525.0                 29.0                0.001
              1589.0                 55.0                0.001
               837.0                 43.0                0.001
              1362.0                 52.0                0.001
              1573.0                 61.0                0.001
               331.0                 24.0                0.001
              1341.0                 57.0                0.001
              1394.0                 52.0                0.001
              2132.0                 83.0                0.001
              2058.0                 60.0                0.001
              1464.0                 52.0                0.001
              2173.0                 72.0                0.001
              1205.0                 58.0                0.001
              1577.0                 62.0                0.001
               627.0                 36.0                0.001
               412.0                 22.0                0.001
              1339.0                 53.0                0.001
              1331.0                 48.0                0.001
              1182.0                 48.0                0.001
               974.0                 51.0                0.001
              1779.0                 61.0                0.001
              1619.0                 62.0                0.001
               677.0                 36.0                0.001
              1400.0                 58.0                0.001
              1312.0                 61.0                0.001
              1612.0                 62.0                0.001
              1199.0                 55.0                0.001
              1812.0                 69.0                0.001
              1734.0                 63.0                0.001
              1521.0                 63.0                0.001
              1168.0                 52.0                0.001
              1401.0                 57.0                0.001
               854.0                 43.0                0.001
              2006.0                 60.0                0.001
              1909.0                 69.0                0.001
               988.0                 47.0                0.001
              1854.0                 65.0                0.001
              1166.0                 62.0                0.001
              1033.0                 51.0                0.001
              1755.0                 67.0                0.001
               734.0                 40.0                0.001
               631.0                 38.0                0.001
              1147.0                 50.0                0.001
               937.0                 52.0                0.001
              1233.0                 60.0                0.001
              2078.0                 76.0                0.001
              1373.0                 56.0                0.001
              1295.0                 58.0                0.001
              1074.0                 48.0                0.001
              1701.0                 70.0                0.001
              1393.0                 59.0                0.001
              1885.0                 70.0                0.001
               513.0                 32.0                0.001
               937.0                 51.0                0.001
              2258.0                 76.0                0.001
              1111.0                 57.0                0.001
              1584.0                 63.0                0.001
              2015.0                 71.0                0.001
              1553.0                 55.0                0.001
              1237.0                 64.0                0.001
              1770.0                 67.0                0.001
               823.0                 46.0                0.001
               898.0                 49.0                0.001
               743.0                 49.0                0.001
              1038.0                 50.0                0.001
              1621.0                 63.0                0.001
              1002.0                 49.0                0.001
              1274.0                 56.0                0.001
              1121.0                 52.0                0.001
              1377.0                 56.0                0.001
              2192.0                 80.0                0.001
              1751.0                 74.0                0.001
              1372.0                 56.0                0.001
               584.0                 34.0                0.001
