
########################################################################## 
################################ Settings ################################ 
########################################################################## 

Note: Using linear eps. decay. + distance to apple reward.

####### Environment settings ####### : 
screen_size: (600, 600)
snake_block_size: (30, 30)
grid_size: 20
apple_reward: 2.0
death_punishment: -2.0
closer_2_apple_reward: 0.01
longer_from_apple_punishment: -0.01
max_iterations: 600


####### Hyperparameters ####### : 
batch_size: 128
 gamma: 0.99
 initial_epsilon: 0.25
 minimal_epsilon: 0.001
 epsilon_decay_rate: 0.0007
 target_update_frequency: 50
 learning_rate: 0.0002
 memory_size: 1000000
 n_episodes: 600
 
####### Optimizer ####### : 
Adam (
Parameter Group 0
    amsgrad: False
    betas: (0.9, 0.999)
    capturable: False
    eps: 1e-08
    foreach: None
    lr: 0.0002
    maximize: False
    weight_decay: 0
)

####### Loss function ####### : 
MSELoss()

####### Network structure #######: 
DeepQNetwork(
  (lin1): Linear(in_features=18, out_features=360, bias=True)
  (lin2): Linear(in_features=360, out_features=180, bias=True)
  (lin3): Linear(in_features=180, out_features=4, bias=True)
  (rectifier): LeakyReLU(negative_slope=0.1)
)

########################################################################## 
################################## DATA ################################## 
########################################################################## 
    steps:              scores:             rewards:             epsilon:
       1.0                  0.0  -1.9999999999999998                 0.25
      26.0                  0.0                -2.05                 0.25
      30.0                  0.0                -2.07                 0.25
       9.0                  0.0  -2.0799999999999996                 0.25
       6.0                  0.0                -2.05                 0.25
      22.0                  0.0                -2.17                 0.25
       3.0                  0.0  -2.0399999999999996                 0.25
       4.0                  0.0                -2.05                 0.25
      10.0                  0.0                -2.07                 0.25
       9.0                  0.0  -1.9599999999999997               0.2437
       4.0                  0.0                -2.01                0.243
      38.0                  0.0                -2.03               0.2423
      23.0                  1.0  0.14000000000000057               0.2416
      27.0                  0.0  -2.0599999999999996               0.2409
      26.0                  0.0                -2.03               0.2402
       5.0                  0.0  -2.0599999999999996               0.2395
      10.0                  0.0                -2.01               0.2388
      40.0                  1.0   0.1699999999999986               0.2381
      30.0                  0.0                -2.07               0.2374
      14.0                  0.0                -2.03               0.2367
       4.0                  0.0                -2.05                0.236
      16.0                  0.0                -2.17               0.2353
      16.0                  1.0  0.10999999999999988               0.2346
      11.0                  0.0  -2.1199999999999997               0.2339
      78.0                  0.0  -1.8299999999999998               0.2332
     134.0                  0.0                -2.17               0.2325
       8.0                  0.0  -1.9899999999999998               0.2318
      54.0                  1.0  0.10999999999999854               0.2311
      29.0                  1.0  0.04000000000000181               0.2304
       0.0                  0.0                -2.01  0.22970000000000002
     194.0                  2.0   2.3299999999999947                0.229
      41.0                  1.0  0.14000000000000057               0.2283
     394.0                  4.0   6.5299999999999905               0.2276
     260.0                 11.0   21.530000000000022               0.2269
     112.0                  4.0    6.589999999999989               0.2262
     162.0                  5.0    8.469999999999992               0.2255
      56.0                  1.0   0.0699999999999994               0.2248
     135.0                  5.0     8.61999999999999               0.2241
       8.0                  0.0                -2.09               0.2234
      89.0                  4.0    6.519999999999991               0.2227
     104.0                  3.0    4.449999999999994                0.222
      14.0                  1.0  0.03000000000000025               0.2213
     140.0                  4.0    6.409999999999995               0.2206
      77.0                  3.0    4.479999999999993               0.2199
     125.0                  6.0   10.999999999999984               0.2192
     259.0                 10.0   19.400000000000034               0.2185
      24.0                  0.0  -1.8099999999999998               0.2178
     112.0                  4.0    6.609999999999987  0.21710000000000002
       5.0                  0.0  -2.0399999999999996               0.2164
     321.0                  5.0    8.859999999999983               0.2157
     109.0                  6.0   10.799999999999988                0.215
      92.0                  6.0   10.629999999999988               0.2143
     139.0                  5.0    8.679999999999989               0.2136
     147.0                  4.0     6.63999999999999               0.2129
     181.0                  6.0    10.97999999999998               0.2122
      51.0                  2.0    2.139999999999998               0.2115
       4.0                  0.0  -1.9699999999999998               0.2108
     252.0                  3.0     4.56999999999999               0.2101
     787.0                  8.0   14.899999999999983               0.2094
     137.0                  2.0   2.2599999999999945               0.2087
     114.0                  2.0    2.489999999999993                0.208
     333.0                  6.0   10.739999999999988  0.20729999999999998
     131.0                  1.0  0.03999999999999959               0.2066
     159.0                  6.0   10.919999999999982               0.2059
     314.0                  4.0    6.809999999999988               0.2052
     647.0                  2.0    4.119999999999997  0.20450000000000002
     266.0                  5.0     8.54999999999999               0.2038
     287.0                  6.0   10.759999999999986               0.2031
     692.0                  8.0   14.909999999999984               0.2024
     172.0                  3.0    4.289999999999996               0.2017
     111.0                  2.0   2.2999999999999954                0.201
     135.0                  3.0    4.519999999999991               0.2003
       4.0                  0.0  -1.9699999999999998               0.1996
     173.0                  4.0    6.459999999999992               0.1989
      70.0                  5.0     8.46999999999999               0.1982
      28.0                  1.0   0.0900000000000003               0.1975
       3.0                  0.0  -1.9799999999999998               0.1968
      58.0                  2.0    2.349999999999995               0.1961
     347.0                  3.0   4.5199999999999925               0.1954
      26.0                  0.0  -1.9099999999999997  0.19469999999999998
      46.0                  1.0 0.010000000000000675                0.194
     308.0                  5.0    8.889999999999983               0.1933
     653.0                  7.0   13.159999999999977               0.1926
      39.0                  0.0  -1.9199999999999997  0.19190000000000002
     238.0                  6.0   10.729999999999988               0.1912
      17.0                  1.0  0.11999999999999922               0.1905
     414.0                 12.0   23.370000000000076               0.1898
     251.0                  1.0  0.25999999999999757               0.1891
     146.0                  4.0   6.7899999999999885               0.1884
     231.0                  3.0    4.499999999999993               0.1877
     200.0                  8.0   15.189999999999975                0.187
     359.0                  5.0    8.779999999999985  0.18630000000000002
     249.0                  3.0    4.579999999999991               0.1856
      91.0                  1.0 0.020000000000000018               0.1849
       0.0                  0.0                -2.01               0.1842
      48.0                  2.0    2.249999999999999               0.1835
      51.0                  0.0                 -1.9  0.18280000000000002
     452.0                  6.0   11.029999999999982  0.18209999999999998
     143.0                  8.0   14.739999999999982               0.1814
     162.0                  6.0   10.769999999999985               0.1807
     129.0                  4.0    6.699999999999989                 0.18
     349.0                  8.0   14.719999999999983  0.17930000000000001
     311.0                  5.0    8.679999999999986  0.17859999999999998
       3.0                  0.0  -2.0399999999999996               0.1779
     421.0                 11.0   21.480000000000047               0.1772
     306.0                  7.0   12.929999999999984               0.1765
     105.0                  0.0  -1.9399999999999997               0.1758
     413.0                 16.0   31.880000000000113               0.1751
     204.0                  8.0   15.189999999999996               0.1744
     218.0                  9.0   17.329999999999984  0.17370000000000002
      99.0                  1.0   0.2000000000000015                0.173
     114.0                  5.0    8.809999999999986               0.1723
     178.0                  7.0   12.909999999999982               0.1716
     264.0                 12.0   23.550000000000086               0.1709
       3.0                  0.0  -1.9799999999999998  0.17020000000000002
     311.0                 11.0    21.72000000000002  0.16949999999999998
     273.0                  6.0   10.939999999999984               0.1688
     195.0                  6.0   10.879999999999981               0.1681
     477.0                 11.0    21.70000000000006               0.1674
     297.0                 13.0    25.26000000000007  0.16670000000000001
     413.0                  9.0   17.460000000000022  0.16599999999999998
     593.0                  4.0     6.53999999999999               0.1653
     101.0                  5.0     8.55999999999999               0.1646
      86.0                  1.0   0.3899999999999948               0.1639
      73.0                  4.0    6.459999999999994               0.1632
     176.0                  5.0    8.949999999999983               0.1625
     214.0                  8.0   15.009999999999982               0.1618
      85.0                  2.0    2.279999999999995  0.16110000000000002
     204.0                  6.0   10.769999999999985               0.1604
      28.0                  1.0 0.010000000000001119               0.1597
     359.0                 13.0    25.44000000000007                0.159
     244.0                  3.0    4.589999999999987               0.1583
     191.0                  7.0   12.799999999999986  0.15760000000000002
     360.0                 12.0    23.09000000000004  0.15689999999999998
     207.0                  8.0   15.260000000000003               0.1562
     308.0                  9.0   17.150000000000013               0.1555
     347.0                 12.0   23.460000000000043               0.1548
     168.0                  4.0    6.709999999999988  0.15410000000000001
     186.0                  4.0    6.489999999999993  0.15339999999999998
     136.0                  5.0    8.829999999999986               0.1527
     417.0                  5.0    8.899999999999986                0.152
     453.0                 13.0   26.020000000000067               0.1513
     169.0                  5.0    8.739999999999986               0.1506
     220.0                  5.0    9.009999999999986               0.1499
     286.0                  8.0   15.409999999999973               0.1492
     174.0                  6.0   10.889999999999985  0.14850000000000002
     266.0                  6.0   10.729999999999986               0.1478
     244.0                  7.0   12.829999999999984               0.1471
     455.0                 14.0   28.000000000000085               0.1464
     144.0                  3.0    4.369999999999992               0.1457
     451.0                 12.0   23.340000000000025  0.14500000000000002
     105.0                  7.0   12.719999999999986  0.14429999999999998
      33.0                  1.0  0.21999999999999753               0.1436
      93.0                  5.0     8.59999999999999               0.1429
     283.0                  5.0    8.859999999999985               0.1422
     299.0                 13.0   25.300000000000082  0.14150000000000001
     483.0                 12.0    23.82000000000009  0.14079999999999998
     439.0                  5.0    8.879999999999985               0.1401
     315.0                  6.0   10.599999999999987               0.1394
     201.0                  7.0   12.939999999999982               0.1387
     340.0                  7.0    13.46999999999997                0.138
       2.0                  0.0  -1.9899999999999998               0.1373
     187.0                  7.0   12.819999999999984               0.1366
     265.0                  6.0   10.599999999999987  0.13590000000000002
     326.0                  8.0   15.369999999999978               0.1352
     308.0                  7.0   12.649999999999988               0.1345
     522.0                 12.0    23.49000000000005               0.1338
     279.0                 11.0    21.22000000000004               0.1331
     302.0                 12.0    23.47000000000002  0.13240000000000002
     187.0                  7.0   13.099999999999977  0.13169999999999998
     420.0                 13.0   25.850000000000136                0.131
     169.0                  7.0   12.739999999999988               0.1303
     163.0                  4.0    6.659999999999988               0.1296
      70.0                  1.0   0.1299999999999999  0.12890000000000001
     179.0                  7.0   12.779999999999987  0.12819999999999998
     216.0                  6.0   10.869999999999985               0.1275
     178.0                  9.0    17.06999999999999               0.1268
     189.0                  8.0   14.939999999999982               0.1261
     269.0                  7.0   12.939999999999984               0.1254
     169.0                  8.0   14.780000000000014               0.1247
      86.0                  4.0   6.4899999999999896                0.124
     352.0                  6.0   10.849999999999984  0.12329999999999999
      73.0                  4.0    6.519999999999994  0.12260000000000001
     246.0                  6.0   10.629999999999992  0.12190000000000001
     105.0                  4.0   6.3799999999999955               0.1212
     281.0                  9.0   17.439999999999998               0.1205
      26.0                  0.0  -1.8299999999999998  0.11979999999999999
     140.0                  5.0     8.70999999999999  0.11910000000000001
     225.0                  4.0    6.839999999999986               0.1184
     227.0                 10.0   19.120000000000005               0.1177
     242.0                 10.0   19.030000000000022  0.11699999999999999
      63.0                  2.0    2.359999999999994  0.11630000000000001
     812.0                 25.0    51.64999999999991  0.11560000000000001
     393.0                 16.0   31.600000000000115               0.1149
     269.0                  9.0   17.160000000000018               0.1142
     491.0                 18.0    36.06000000000005  0.11349999999999999
      80.0                  3.0   4.3499999999999925  0.11280000000000001
     133.0                  6.0   10.639999999999988               0.1121
     724.0                 22.0    45.16999999999994               0.1114
       1.0                  0.0  -1.9999999999999998  0.11069999999999999
     113.0                  5.0    8.619999999999989  0.11000000000000001
     341.0                 15.0    29.94000000000012  0.10930000000000001
     406.0                 21.0   42.489999999999995               0.1086
     613.0                 22.0   44.899999999999956               0.1079
      21.0                  1.0  0.17999999999999927  0.10719999999999999
     184.0                  5.0    9.229999999999979  0.10650000000000001
     311.0                 10.0   19.580000000000034               0.1058
      85.0                  2.0   2.2399999999999958               0.1051
     490.0                  8.0   15.049999999999981  0.10439999999999999
     237.0                  9.0    17.25999999999998  0.10370000000000001
     353.0                 11.0    21.34000000000009  0.10300000000000001
     127.0                  4.0    6.379999999999994               0.1023
     477.0                  8.0   15.059999999999993               0.1016
     295.0                  6.0   10.919999999999982  0.10089999999999999
     555.0                 23.0     46.8399999999999  0.10020000000000001
      40.0                  1.0  0.20999999999999552               0.0995
     348.0                 12.0    23.61000000000005               0.0988
      76.0                  1.0   0.2499999999999991  0.09809999999999999
     162.0                  9.0    17.11000000000002  0.09740000000000001
     155.0                  5.0    8.599999999999989  0.09670000000000001
     182.0                  7.0   12.909999999999984                0.096
     425.0                 13.0    26.00000000000008               0.0953
      94.0                  6.0    10.66999999999999  0.09459999999999999
     314.0                 15.0   29.890000000000107  0.09390000000000001
     216.0                 11.0    21.43000000000005               0.0932
     764.0                 19.0    38.31000000000001               0.0925
     288.0                 12.0    23.63000000000003  0.09179999999999999
     367.0                  8.0   15.139999999999981  0.09110000000000001
       0.0                  0.0                -2.01  0.09040000000000001
     159.0                  8.0   15.079999999999997               0.0897
     461.0                 13.0   25.500000000000064                0.089
     211.0                  8.0                15.62  0.08829999999999999
     170.0                  9.0   16.970000000000013  0.08760000000000001
     321.0                 11.0   21.320000000000018               0.0869
     390.0                  6.0    11.04999999999998               0.0862
     658.0                 23.0    47.44999999999996  0.08549999999999999
     282.0                  7.0   13.149999999999979  0.08480000000000001
     265.0                  9.0    16.89999999999999  0.08410000000000001
     513.0                 15.0    30.80000000000016               0.0834
     721.0                 22.0   44.879999999999974               0.0827
     267.0                 15.0   29.680000000000113  0.08199999999999999
     356.0                  9.0   17.570000000000014  0.08130000000000001
     276.0                 11.0   21.390000000000022               0.0806
     121.0                  8.0   14.819999999999977               0.0799
     117.0                  6.0   10.599999999999987  0.07919999999999999
     145.0                  5.0     8.55999999999999  0.07850000000000001
     284.0                 10.0   19.450000000000053  0.07780000000000001
      39.0                  1.0  0.23999999999999755               0.0771
     574.0                 23.0    46.82999999999994               0.0764
     456.0                 11.0   21.550000000000033  0.07569999999999999
     584.0                 18.0    36.69000000000005  0.07500000000000001
     210.0                  8.0   15.369999999999974               0.0743
     183.0                  9.0    17.30000000000002               0.0736
     296.0                 13.0   25.590000000000085  0.07289999999999999
     325.0                 16.0   31.600000000000122  0.07220000000000001
     118.0                  4.0    6.689999999999987  0.07150000000000001
     178.0                  6.0   10.729999999999988               0.0708
     919.0                 26.0    53.63999999999976               0.0701
     191.0                  8.0   15.180000000000012  0.06939999999999999
     155.0                  6.0   10.999999999999984  0.06870000000000001
     487.0                 15.0    30.44000000000009                0.068
     278.0                 10.0   19.590000000000018               0.0673
     215.0                  1.0  0.06000000000000005  0.06659999999999999
     291.0                  8.0   15.600000000000003  0.06590000000000001
     240.0                 11.0   21.170000000000037  0.06520000000000001
     623.0                 27.0    56.21999999999968               0.0645
     249.0                  5.0    8.679999999999987               0.0638
     382.0                  9.0   17.810000000000013  0.06309999999999999
      65.0                  4.0    6.619999999999989  0.06240000000000001
     774.0                 25.0    51.38999999999988 0.061700000000000005
     226.0                 13.0   25.970000000000113                0.061
     504.0                 22.0    44.88999999999995  0.06029999999999999
     218.0                  5.0     8.66999999999999 0.059600000000000014
     507.0                 24.0    48.99999999999982  0.05890000000000001
     130.0                  8.0   14.729999999999988               0.0582
     188.0                  7.0    13.26999999999998 0.057499999999999996
     325.0                 17.0   33.780000000000065  0.05679999999999999
     636.0                 24.0   48.929999999999914  0.05610000000000001
     209.0                  9.0    17.27999999999999 0.055400000000000005
     854.0                 23.0    47.18999999999991               0.0547
     395.0                 15.0   30.100000000000158  0.05399999999999999
    1056.0                 28.0   57.809999999999775 0.053300000000000014
     365.0                 15.0    30.06000000000009  0.05260000000000001
     405.0                 15.0   30.500000000000174               0.0519
     307.0                  9.0   17.480000000000032 0.051199999999999996
     158.0                  6.0   11.169999999999979  0.05049999999999999
     450.0                 10.0   19.830000000000013  0.04980000000000001
     549.0                 28.0   57.059999999999796 0.049100000000000005
     505.0                 20.0    40.71999999999994               0.0484
     386.0                 21.0    42.84999999999994  0.04769999999999999
     300.0                 11.0   21.750000000000096 0.047000000000000014
     830.0                 27.0     55.4699999999998  0.04630000000000001
     238.0                 15.0   29.890000000000065               0.0456
     459.0                 25.0    51.35999999999986 0.044899999999999995
     322.0                 15.0    30.01000000000011  0.04419999999999999
     433.0                 16.0    32.12000000000007  0.04350000000000001
     111.0                  4.0    6.619999999999989 0.042800000000000005
     554.0                 24.0    49.16999999999985               0.0421
     116.0                  7.0   12.829999999999982  0.04139999999999999
     207.0                 10.0    19.56000000000003 0.040700000000000014
     485.0                 23.0    46.49999999999999  0.04000000000000001
     642.0                 31.0    64.12999999999977               0.0393
     298.0                  9.0    17.35000000000001 0.038599999999999995
     269.0                 15.0   29.900000000000112  0.03789999999999999
    1288.0                 43.0    89.77000000000056  0.03720000000000001
     345.0                 17.0   34.400000000000084 0.036500000000000005
     138.0                 11.0    21.07000000000002               0.0358
     352.0                 16.0    32.25000000000008  0.03509999999999999
     266.0                 13.0   25.790000000000035 0.034400000000000014
     220.0                 12.0     23.6300000000001  0.03370000000000001
     288.0                 17.0   34.090000000000124                0.033
     128.0                  5.0    8.889999999999985 0.032299999999999995
     222.0                 11.0   21.830000000000048  0.03159999999999999
     230.0                 11.0   21.370000000000047  0.03090000000000001
     149.0                  6.0   10.779999999999985 0.030200000000000005
     440.0                 18.0   36.610000000000014               0.0295
     319.0                 18.0    36.14000000000003 0.028799999999999992
     384.0                 19.0   38.890000000000065 0.028100000000000014
     174.0                 12.0   23.490000000000062 0.027400000000000008
     263.0                 14.0     27.9800000000001               0.0267
     866.0                 29.0    59.64999999999981 0.025999999999999995
     101.0                  3.0    4.499999999999991  0.02529999999999999
     561.0                 26.0    53.55999999999979  0.02460000000000001
     516.0                 24.0   48.949999999999946 0.023900000000000005
     725.0                 30.0    61.79999999999967               0.0232
     912.0                 38.0    78.73000000000008 0.022499999999999992
     380.0                 16.0    32.21000000000009 0.021800000000000014
     389.0                 20.0                40.68 0.021100000000000008
     464.0                 20.0   41.409999999999954               0.0204
     476.0                 21.0    43.52999999999995 0.019699999999999995
     813.0                 31.0    64.79999999999971  0.01899999999999999
     420.0                 20.0   40.730000000000004  0.01830000000000001
     381.0                 23.0    46.83999999999995 0.017600000000000005
     141.0                  8.0   14.859999999999983               0.0169
    1321.0                 42.0    88.28000000000048 0.016199999999999992
     946.0                 35.0     71.7899999999999 0.015500000000000014
     776.0                 30.0   61.629999999999704 0.014800000000000008
     246.0                 14.0   27.550000000000093 0.014100000000000001
     324.0                 10.0   20.170000000000066 0.013399999999999995
    1201.0                 41.0    85.64000000000053 0.012699999999999989
    1000.0                 37.0    77.43000000000039  0.01200000000000001
    1101.0                 37.0    77.70000000000029 0.011300000000000004
     204.0                 10.0   19.370000000000037 0.010599999999999998
     892.0                 34.0    70.64999999999974 0.009899999999999992
     879.0                 34.0    70.81999999999992 0.009200000000000014
     787.0                 28.0    57.49999999999984 0.008500000000000008
     414.0                 26.0    53.06999999999992 0.007800000000000001
      17.0                  2.0   2.1599999999999984 0.007099999999999995
    1790.0                 55.0   115.77000000000166 0.006399999999999989
    1348.0                 47.0    97.37000000000054 0.005700000000000011
     564.0                 32.0    66.14999999999979 0.0050000000000000044
     778.0                 41.0     85.0300000000003 0.004299999999999998
    1202.0                 50.0    104.3100000000009 0.003599999999999992
     155.0                 11.0   21.360000000000014 0.0029000000000000137
    1456.0                 52.0   109.21000000000129 0.0022000000000000075
    1090.0                 43.0     89.4100000000007 0.0015000000000000013
    1321.0                 41.0     86.1000000000004                0.001
    3441.0                 66.0   139.16000000000102                0.001
     600.0                 28.0   57.589999999999804                0.001
     666.0                 35.0    73.01000000000016                0.001
     665.0                 29.0   60.019999999999655                0.001
     858.0                 31.0     63.9299999999997                0.001
    1239.0                 44.0    91.74000000000059                0.001
     903.0                 41.0    85.88000000000055                0.001
    1322.0                 51.0   106.69000000000126                0.001
    2707.0                 60.0   125.42000000000154                0.001
    1764.0                 51.0   106.63000000000102                0.001
    1695.0                 57.0   118.70000000000137                0.001
    1698.0                 59.0    123.4900000000017                0.001
    2109.0                 62.0   130.34000000000145                0.001
    1190.0                 37.0    76.11000000000023                0.001
    1137.0                 48.0   100.28000000000084                0.001
    1940.0                 56.0   117.77000000000108                0.001
    2010.0                 64.0    133.6900000000013                0.001
    1106.0                 38.0     78.7700000000001                0.001
     694.0                 33.0    68.42999999999994                0.001
    1795.0                 58.0   122.24000000000167                0.001
     779.0                 37.0    77.00000000000027                0.001
    1640.0                 54.0   113.29000000000143                0.001
    1832.0                 66.0   138.01000000000124                0.001
    1281.0                 45.0    94.80000000000067                0.001
    1118.0                 44.0    92.67000000000115                0.001
    1926.0                 60.0   126.19000000000186                0.001
     856.0                 38.0    79.11000000000024                0.001
    1207.0                 48.0    99.94000000000096                0.001
    1077.0                 43.0    89.14000000000024                0.001
     822.0                 42.0    87.39000000000043                0.001
    1210.0                 44.0    92.09000000000057                0.001
     660.0                 33.0     69.1699999999999                0.001
     689.0                 34.0    70.09999999999995                0.001
    1332.0                 56.0   117.79000000000148                0.001
    1268.0                 53.0   110.95000000000125                0.001
      20.0                  0.0  -1.8299999999999998                0.001
     749.0                 36.0    75.20000000000024                0.001
    2389.0                 74.0   155.54000000000036                0.001
    1870.0                 63.0    132.0500000000011                0.001
     723.0                 32.0    66.73999999999991                0.001
     458.0                 25.0     50.9299999999999                0.001
     801.0                 40.0    83.52000000000054                0.001
    1547.0                 66.0   138.20000000000095                0.001
     508.0                 28.0    58.26999999999975                0.001
    1890.0                 57.0   118.97000000000139                0.001
    1013.0                 48.0   100.70000000000098                0.001
     895.0                 48.0   100.82000000000113                0.001
     793.0                 42.0    87.98000000000074                0.001
    1226.0                 51.0   106.77000000000115                0.001
    1358.0                 57.0   119.99000000000154                0.001
     669.0                 39.0    81.10000000000025                0.001
     459.0                 30.0   61.659999999999755                0.001
    1307.0                 44.0    91.46000000000052                0.001
     436.0                 27.0   55.369999999999855                0.001
    1029.0                 49.0     102.440000000001                0.001
    1037.0                 49.0   103.00000000000118                0.001
     901.0                 46.0    96.20000000000098                0.001
    1528.0                 57.0    119.4500000000015                0.001
    1627.0                 58.0   122.50000000000193                0.001
    1067.0                 53.0   111.40000000000123                0.001
    1750.0                 64.0    134.6500000000015                0.001
    1082.0                 47.0    99.55000000000105                0.001
    1399.0                 57.0   120.46000000000159                0.001
     952.0                 46.0    95.47000000000067                0.001
     294.0                 16.0    32.63000000000011                0.001
    1310.0                 57.0   119.59000000000157                0.001
    1946.0                 60.0   126.39000000000162                0.001
    1149.0                 47.0    98.10000000000078                0.001
    1130.0                 52.0   108.95000000000107                0.001
    1362.0                 58.0    122.3900000000019                0.001
      85.0                  5.0    8.699999999999987                0.001
     483.0                 27.0    55.73999999999975                0.001
    1186.0                 44.0    91.61000000000057                0.001
     974.0                 49.0   101.65000000000063                0.001
     881.0                 40.0     83.7000000000006                0.001
    1128.0                 49.0    102.6500000000011                0.001
    1011.0                 47.0    98.26000000000079                0.001
    1251.0                 56.0   116.94000000000126                0.001
     525.0                 34.0    70.49999999999999                0.001
    1727.0                 62.0    130.4200000000017                0.001
     321.0                 20.0   40.879999999999995                0.001
     799.0                 51.0    106.6400000000012                0.001
    1881.0                 66.0   139.12000000000097                0.001
    1684.0                 60.0   125.19000000000146                0.001
     453.0                 26.0    53.25999999999982                0.001
     317.0                 21.0    42.81999999999997                0.001
    2184.0                 75.0   158.51000000000008                0.001
    1390.0                 62.0   130.73000000000167                0.001
     817.0                 42.0    88.20000000000049                0.001
    1627.0                 63.0   131.86000000000135                0.001
     838.0                 42.0    87.63000000000056                0.001
     797.0                 39.0    81.70000000000016                0.001
    1077.0                 55.0   114.68000000000117                0.001
    1242.0                 50.0   104.81000000000095                0.001
    1400.0                 58.0   122.21000000000168                0.001
     700.0                 38.0    78.91000000000034                0.001
    1969.0                 76.0   160.63999999999945                0.001
     963.0                 44.0    92.52000000000092                0.001
     727.0                 38.0    79.18000000000026                0.001
    1860.0                 67.0    140.0100000000007                0.001
    1107.0                 53.0    111.4200000000013                0.001
    1666.0                 61.0   127.33000000000162                0.001
    2677.0                 84.0   177.61999999999924                0.001
     980.0                 48.0   100.61000000000082                0.001
    1715.0                 68.0    142.7600000000009                0.001
     637.0                 33.0     68.7999999999998                0.001
    1558.0                 64.0   134.59000000000137                0.001
    1504.0                 61.0    128.6500000000019                0.001
     688.0                 37.0    76.47000000000004                0.001
     644.0                 33.0    68.28999999999989                0.001
    1098.0                 50.0   104.59000000000108                0.001
    1303.0                 58.0    122.2600000000019                0.001
     647.0                 35.0    73.38000000000015                0.001
    1938.0                 63.0   132.15000000000188                0.001
     537.0                 30.0    61.85999999999989                0.001
    1291.0                 59.0   123.68000000000153                0.001
     776.0                 36.0                75.51                0.001
    1404.0                 55.0    115.1700000000012                0.001
    2493.0                 72.0    150.9000000000003                0.001
     847.0                 41.0    85.44000000000062                0.001
    1540.0                 65.0    136.9100000000004                0.001
    1829.0                 78.0   164.11999999999915                0.001
     840.0                 40.0    83.09000000000027                0.001
     800.0                 47.0    98.95000000000091                0.001
    1214.0                 59.0   124.03000000000175                0.001
    1116.0                 53.0    110.6500000000012                0.001
     404.0                 28.0    57.44999999999981                0.001
     646.0                 43.0    89.47000000000045                0.001
    1078.0                 51.0   107.89000000000128                0.001
    1057.0                 46.0    96.64000000000075                0.001
    1262.0                 56.0   117.35000000000146                0.001
     734.0                 36.0    75.09000000000013                0.001
    1391.0                 66.0   137.46000000000126                0.001
    2107.0                 66.0   140.42000000000115                0.001
    1929.0                 73.0    153.8000000000004                0.001
     800.0                 46.0    96.19000000000088                0.001
     821.0                 41.0    85.86000000000068                0.001
     879.0                 53.0   110.80000000000106                0.001
     434.0                 23.0    47.34999999999989                0.001
    1735.0                 72.0   151.84000000000057                0.001
    1234.0                 54.0   113.79000000000158                0.001
     655.0                 41.0    85.28000000000031                0.001
    1141.0                 56.0   116.94000000000152                0.001
    1101.0                 53.0   111.08000000000114                0.001
    1352.0                 60.0   126.75000000000189                0.001
    1170.0                 52.0   108.95000000000101                0.001
    1431.0                 57.0   119.96000000000146                0.001
    1692.0                 69.0   145.91000000000048                0.001
    1367.0                 61.0    128.2400000000015                0.001
    1048.0                 51.0   106.71000000000109                0.001
     966.0                 49.0   102.37000000000094                0.001
     822.0                 42.0    87.31000000000039                0.001
     799.0                 39.0    81.30000000000025                0.001
     999.0                 45.0    94.54000000000077                0.001
    1269.0                 55.0    114.9000000000015                0.001
     846.0                 38.0     79.4700000000002                0.001
     801.0                 43.0    89.86000000000065                0.001
    1323.0                 63.0   132.92000000000138                0.001
     977.0                 47.0    98.44000000000105                0.001
    1157.0                 59.0   123.96000000000173                0.001
    1238.0                 55.0   115.29000000000136                0.001
    1268.0                 66.0   139.35000000000116                0.001
     749.0                 42.0     87.5800000000004                0.001
    1301.0                 61.0   128.68000000000168                0.001
     721.0                 41.0    85.62000000000052                0.001
    1615.0                 62.0    130.0000000000016                0.001
    1279.0                 56.0   118.26000000000157                0.001
     882.0                 43.0    89.79000000000029                0.001
    1067.0                 57.0   120.08000000000173                0.001
    1339.0                 58.0   121.22000000000135                0.001
    1574.0                 62.0   130.17000000000155                0.001
    1190.0                 54.0   112.95000000000128                0.001
    1866.0                 68.0   142.15000000000094                0.001
    1081.0                 50.0   103.92000000000111                0.001
    1036.0                 54.0   112.27000000000099                0.001
     954.0                 49.0   102.97000000000102                0.001
     578.0                 33.0    68.20999999999985                0.001
    1602.0                 67.0   141.15000000000106                0.001
    1448.0                 64.0    135.5700000000016                0.001
     993.0                 48.0     100.520000000001                0.001
    1594.0                 65.0   135.67000000000104                0.001
    1632.0                 70.0    146.2100000000007                0.001
     667.0                 39.0    81.08000000000027                0.001
    1019.0                 50.0   104.34000000000101                0.001
    1805.0                 68.0   143.76000000000082                0.001
    2153.0                 74.0   155.75999999999976                0.001
     429.0                 32.0    66.01999999999975                0.001
     626.0                 37.0    76.79000000000013                0.001
    1473.0                 70.0    147.2800000000005                0.001
     516.0                 30.0    62.88999999999965                0.001
    1239.0                 57.0    119.8600000000018                0.001
     773.0                 39.0    81.54000000000032                0.001
    1072.0                 54.0   113.61000000000125                0.001
      95.0                  6.0   10.899999999999984                0.001
    2425.0                 81.0    170.1199999999994                0.001
     587.0                 31.0    64.47999999999986                0.001
      98.0                  7.0   12.929999999999982                0.001
     794.0                 49.0    101.9300000000008                0.001
     976.0                 42.0    88.31000000000051                0.001
     790.0                 41.0    85.17000000000034                0.001
    1591.0                 60.0    127.0200000000015                0.001
     946.0                 50.0   104.19000000000105                0.001
    1653.0                 79.0   166.19999999999956                0.001
    1155.0                 56.0   117.54000000000165                0.001
     848.0                 45.0    94.53000000000064                0.001
    1277.0                 56.0   117.42000000000147                0.001
    1063.0                 48.0   100.88000000000105                0.001
    1605.0                 70.0    148.2000000000012                0.001
     909.0                 46.0    96.78000000000078                0.001
     766.0                 41.0    85.53000000000053                0.001
     540.0                 33.0    68.66999999999986                0.001
    1874.0                 69.0   145.29000000000062                0.001
    1028.0                 49.0   102.99000000000109                0.001
     678.0                 37.0    76.87000000000015                0.001
     923.0                 40.0    84.32000000000043                0.001
     727.0                 36.0    75.20000000000026                0.001
     832.0                 46.0    96.15000000000079                0.001
     830.0                 42.0    87.33000000000035                0.001
     858.0                 47.0    98.55000000000098                0.001
     990.0                 48.0   101.59000000000106                0.001
     685.0                 36.0    75.06000000000013                0.001
     997.0                 45.0    94.32000000000095                0.001
