
########################################################################## 
################################ Settings ################################ 
########################################################################## 

Note: Using oscillator eps. decay. + distance to apple reward.

####### Environment settings ####### : 
screen_size: (600, 600)
snake_block_size: (30, 30)
grid_size: 20
apple_reward: 2.0
death_punishment: -2.0
closer_2_apple_reward: 0.01
longer_from_apple_punishment: -0.01
max_iterations: 600


####### Hyperparameters ####### : 
batch_size: 128
 gamma: 0.99
 initial_epsilon: 0.25
 minimal_epsilon: 0.001
 epsilon_decay_rate: 0.01275
 target_update_frequency: 25
 learning_rate: 2e-05
 memory_size: 1000000
 n_episodes: 600
 
####### Optimizer ####### : 
Adam (
Parameter Group 0
    amsgrad: False
    betas: (0.9, 0.999)
    capturable: False
    eps: 1e-08
    foreach: None
    lr: 2e-05
    maximize: False
    weight_decay: 0
)

####### Loss function ####### : 
MSELoss()

####### Network structure #######: 
DeepQNetwork(
  (lin1): Linear(in_features=18, out_features=360, bias=True)
  (lin2): Linear(in_features=360, out_features=180, bias=True)
  (lin3): Linear(in_features=180, out_features=4, bias=True)
  (rectifier): ReLU()
)

########################################################################## 
################################## DATA ################################## 
########################################################################## 
    steps:              scores:             rewards:             epsilon:
       1.0                  0.0  -1.9999999999999998                 0.25
      47.0                  1.0 0.020000000000000462                 0.25
      35.0                  0.0  -2.0799999999999996                 0.25
      11.0                  0.0  -2.0999999999999996                 0.25
       5.0                  0.0  -2.0599999999999996                 0.25
      17.0                  0.0  -2.1399999999999997                 0.25
       3.0                  0.0  -2.0399999999999996                 0.25
       4.0                  0.0                -2.05   0.2272575138600742
       9.0                  0.0  -2.0799999999999996   0.2221444228681609
       2.0                  0.0                -2.01     0.21663120940522
      15.0                  0.0  -2.0199999999999996  0.21074399993976092
       2.0                  0.0                -2.03  0.20451030023470443
      13.0                  0.0  -2.1399999999999997  0.19795885682353775
      40.0                  1.0 0.010000000000000231  0.19111951457138468
      15.0                  0.0  -2.0199999999999996  0.18402307100036355
      13.0                  0.0                 -1.9   0.1767011280651271
      14.0                  0.0                -2.15   0.1691859420678703
       2.0                  0.0                -2.03   0.1615102724023809
       8.0                  0.0                -2.05  0.15370722981391804
      44.0                  0.0                -2.05  0.14581012485589484
      30.0                  0.0                -2.09  0.13785231721556573
       5.0                  0.0  -2.0599999999999996  0.12986706656925562
      12.0                  1.0  0.10999999999999988  0.12188738561319766
      16.0                  0.0                -2.13  0.11394589589887075
       0.0                  0.0                -2.01  0.10607468708195043
      12.0                  0.0                -2.05   0.0983051801717288
      26.0                  0.0  -1.9299999999999997  0.09066799534324751
      19.0                  0.0  -2.0799999999999996  0.08319282484755768
       2.0                  0.0  -1.9899999999999998  0.07590831152662117
       7.0                  0.0  -2.0799999999999996  0.06884193340854634
       6.0                  0.0                -2.07  0.06201989482627222
      12.0                  0.0  -1.9299999999999997  0.05546702446864121
      19.0                  0.0  -2.1599999999999997  0.04920668073720193
       2.0                  0.0                -2.03  0.04326066474523791
      15.0                  1.0  0.08000000000000052  0.03764914125760032
      36.0                  0.0  -1.9899999999999998  0.03239056783111741
       9.0                  0.0  -2.0799999999999996 0.027501632375841488
      20.0                  0.0  -1.8699999999999999  0.02299719931735891
      33.0                  1.0  0.23999999999999977   0.0188902645000186
      74.0                  1.0  0.20999999999999774 0.015191918930406313
      13.0                  0.0  -2.0199999999999996  0.01191132141989587
      13.0                  0.0  -2.1199999999999997 0.009055680144816315
     345.0                  0.0  -2.0599999999999996 0.006630243102870425
      17.0                  0.0  -2.1799999999999997 0.004638297405090739
     261.0                  0.0  -2.0399999999999996 0.003081177303999906
      19.0                  1.0 -0.11999999999999944 0.001958280820910134
     266.0                  0.0  -1.9699999999999998 0.0012670947986143412
      13.0                  0.0  -2.1199999999999997 0.0010032281702365134
       1.0                  0.0  -1.9999999999999998 0.0011604532008678671
      51.0                  0.0  -2.1599999999999997 0.0017307544259526836
      19.0                  0.0  -1.9799999999999998 0.002704384979333098
      15.0                  0.0  -2.0599999999999996 0.004069929974534021
      39.0                  1.0   0.1600000000000006 0.005814376575379254
       7.0                  0.0  -2.0799999999999996  0.00792319036647764
      27.0                  0.0  -2.2199999999999998 0.010380397610596562
     361.0                  3.0    4.199999999999997  0.01316867295852828
     814.0                  3.0     4.62999999999999  0.01626943215782607
     619.0                  1.0   2.1999999999999975  0.01966292928979873
      79.0                  6.0    10.65999999999999 0.023328358049457442
     176.0                  3.0    4.509999999999989  0.02724395657074241
     127.0                  2.0   2.3399999999999963  0.03138711528935122
     117.0                  3.0    4.539999999999992 0.035734487327858146
     600.0                  0.0                -0.07 0.040262100882566286
     616.0                  2.0    4.189999999999998 0.044945473088661037
     501.0                  0.0                -1.88 0.049759724839726543
     153.0                  4.0    6.359999999999992 0.054679696039516085
      87.0                  5.0    8.479999999999992   0.0596800607679982
      37.0                  4.0   6.3399999999999945  0.06473544185009082
      78.0                  4.0    6.409999999999995  0.06982052432408888
     138.0                  9.0   16.990000000000002  0.07491016731751984
      92.0                  5.0    8.669999999999987  0.07997951385096214
      81.0                  4.0    6.579999999999989  0.08500409810514294
     243.0                 12.0   23.480000000000057  0.08995994970331393
     156.0                  7.0   12.769999999999985  0.09482369457938204
     170.0                  9.0   17.250000000000014  0.09957265202245234
      11.0                  0.0  -2.1199999999999997  0.10418492751020465
      72.0                  6.0   10.609999999999987  0.10863950096676575
     212.0                  5.0    8.829999999999984  0.11291631010532667
     209.0                  9.0   17.340000000000025  0.11699632854157525
      14.0                  0.0                -1.89  0.12086163839092716
     138.0                  4.0   6.4899999999999896  0.12449549709042063
      66.0                  3.0    4.469999999999993  0.12788239821484884
     126.0                  6.0   10.889999999999983   0.1310081260861085
      27.0                  1.0  0.14000000000000012  0.13385980400469988
      63.0                  4.0    6.459999999999994  0.13642593596268307
     137.0                  1.0  0.09999999999999964  0.13869644172804024
      64.0                  4.0    6.269999999999996  0.14066268522117326
      41.0                  2.0   2.3399999999999963  0.14231749613504052
     157.0                  8.0    15.19999999999998  0.14365518478106948
     210.0                  4.0   6.6099999999999905  0.14467155017334055
      70.0                  2.0   2.2499999999999964  0.14536388139348747
     148.0                  8.0   15.069999999999995  0.14573095230817326
     357.0                 14.0   28.340000000000096  0.14577300973975327
      67.0                  3.0    4.279999999999994  0.14549175521870913
      95.0                  1.0   0.3999999999999946  0.14489032047351114
      22.0                  0.0                -2.07  0.14397323683963564
     120.0                  4.0    6.789999999999987  0.14274639879441972
      61.0                  1.0  0.10000000000000142  0.14121702184818355
     127.0                  6.0   10.659999999999988  0.13939359504449728
     161.0                  8.0   14.999999999999984  0.13728582834352832
      29.0                  1.0  0.16000000000000103   0.1349045951820042
     119.0                  5.0    8.439999999999992  0.13226187052138752
     226.0                  7.0   12.709999999999985   0.1293706647123268
     173.0                 12.0   23.360000000000046  0.12624495351826343
     120.0                  8.0   15.029999999999982    0.122899604654192
      13.0                  0.0  -1.9399999999999997  0.11935030120795251
     296.0                  9.0                17.37  0.11561346232104694
     187.0                 12.0   23.500000000000057   0.1117061615137982
     203.0                  9.0   17.460000000000033  0.10764604304568873
     254.0                 10.0   19.389999999999993     0.10345123670593
     165.0                  9.0   17.279999999999983  0.09914027143171612
     197.0                 13.0   25.700000000000067  0.09473198815222537
     241.0                 14.0   27.800000000000082  0.09024545225526014
      69.0                  6.0   10.519999999999992  0.08569986607049276
      60.0                  4.0     6.54999999999999   0.0811144817586415
     101.0                  5.0    8.919999999999982  0.07650851498957768
     197.0                 10.0   19.260000000000005  0.07190105978441266
      82.0                  1.0   0.1899999999999964  0.06731100488708018
     330.0                 14.0    28.13000000000012  0.06275695201988561
     270.0                 17.0    33.91000000000012  0.05825713636499473
     523.0                 21.0   43.559999999999945   0.0538293495999619
     128.0                  9.0   17.110000000000024  0.04949086580022391
      79.0                  6.0   10.679999999999987 0.045258370505097255
     190.0                  6.0   11.409999999999973 0.041147893226295196
      90.0                  6.0   10.729999999999988 0.037174743659424234
     344.0                 20.0   41.149999999999956 0.033353451839416286
     471.0                 25.0   51.079999999999906  0.02969771246050611
     387.0                 18.0                36.92  0.02622033356026617
     289.0                  7.0   12.959999999999981 0.022933189745477693
     127.0                  4.0    6.519999999999991 0.019847180115336045
     346.0                 11.0   21.250000000000036  0.01697219101478036
     603.0                  1.0   2.0999999999999983 0.014317063727698618
     942.0                 26.0   53.329999999999934 0.011889567196499966
     653.0                  6.0   12.619999999999989 0.009696375831172152
     532.0                 26.0    53.56999999999993 0.007743052447556255
     462.0                 11.0   21.370000000000033 0.006034036351283185
     310.0                  4.0    6.469999999999992 0.0045726365607213215
    1111.0                 32.0    66.03999999999974  0.00336103013949039
     626.0                 35.0     72.9300000000001 0.002400265586696257
     522.0                 25.0   51.809999999999846 0.0016902712111318565
     625.0                 20.0   40.959999999999944 0.001229868394362373
     898.0                 15.0    30.37000000000016 0.0010167896269563511
     737.0                  6.0   12.939999999999982 0.0010477011822223434
    1012.0                 47.0    98.41000000000102 0.0013182302727438608
     649.0                 26.0    54.61999999999979 0.001822996516847405
     425.0                 19.0    39.15999999999998 0.0025556475249610957
    1513.0                 47.0    98.82000000000106 0.003508898399688839
     742.0                 40.0    83.39000000000041 0.004674574928397322
    1009.0                 38.0    79.70000000000037 0.006043660233244004
     818.0                 29.0    59.34999999999978 0.007606344630913218
     391.0                 24.0   48.879999999999924 0.009352078442914035
     612.0                 28.0   57.309999999999874 0.011269627487168227
     423.0                 23.0   46.959999999999845 0.013347130972805273
     186.0                  9.0    17.19000000000002 0.015572161512611031
     639.0                 26.0   53.619999999999926 0.017931786961463417
     202.0                 15.0   29.670000000000137 0.020412633784344488
     488.0                 25.0    51.40999999999983 0.023000951654148075
     934.0                 23.0   47.289999999999964  0.02568267897750709
     871.0                 44.0    91.58000000000067  0.02844350904623211
     387.0                 24.0    49.11999999999995  0.03126895651267839
     761.0                 27.0    55.95999999999981  0.03414442388941438
     438.0                 20.0    40.49000000000003  0.03705526777693268
     463.0                 28.0    57.13999999999984   0.0399868645277908
     208.0                 10.0    19.19000000000004  0.04292467506145962
     241.0                 12.0    23.92000000000005   0.0458543085512528
     768.0                 23.0   46.710000000000015 0.048761584712959744
     113.0                  7.0   12.959999999999983 0.051632594434167255
     356.0                 21.0    42.92999999999984 0.054453758493665495
     492.0                 21.0   42.829999999999934  0.05721188413174249
     199.0                 12.0   23.580000000000044  0.05989421924451064
     611.0                 28.0    58.19999999999981  0.06248850398861478
     602.0                 26.0    53.60999999999981   0.0649830195966754
     738.0                 36.0    75.09000000000012  0.06736663421855145
     315.0                 15.0    30.32000000000012  0.06962884561888763
      60.0                  5.0    8.469999999999994  0.07175982057737178
     150.0                  8.0   15.169999999999982  0.07375043085458276
      35.0                  2.0   2.3399999999999945  0.07559228560318719
     143.0                 10.0   19.140000000000008  0.07727776012145764
     187.0                  9.0   17.480000000000025  0.07880002086356026
     258.0                 19.0    37.83000000000005  0.08015304663871296
     632.0                 27.0   55.749999999999716  0.08133164594906339
     134.0                  8.0   15.109999999999994  0.08233147043390594
     378.0                 22.0    44.94999999999995  0.08314902440556025
     252.0                 14.0   27.930000000000152  0.08378167047980091
      62.0                  5.0    8.529999999999992  0.08422763132107522
     154.0                  6.0    10.96999999999998  0.08448598753980485
     509.0                 21.0   42.859999999999914  0.08455667179575979
     561.0                 27.0    55.87999999999976  0.08444045917775381
     360.0                 15.0   30.370000000000097  0.08413895394566788
     335.0                 17.0    34.12000000000008  0.08365457273600223
     650.0                 35.0    72.18999999999978   0.0829905243467231
     413.0                 22.0     45.0799999999999  0.08215078623105268
     343.0                 19.0   38.780000000000086  0.08114007784299469
     228.0                 18.0    35.91000000000005   0.0799638309897444
     393.0                 20.0                40.66  0.07862815735765306
      47.0                  1.0  0.18000000000000016  0.07713981338906505
     245.0                 14.0    27.56000000000005   0.0755061626970784
      64.0                  5.0     8.54999999999999  0.07373513621406916
     388.0                 22.0    45.06999999999996  0.07183519027763476
     417.0                 25.0    51.05999999999992  0.06981526286442871
      53.0                  5.0    8.479999999999992  0.06768472818816258
     405.0                 27.0    55.47999999999982  0.06545334988282213
     296.0                 21.0   42.390000000000015  0.06313123299587763
     194.0                 14.0    27.51000000000011 0.060728775018958646
     103.0                  8.0   14.980000000000002  0.05825661618510814
      26.0                  1.0                 0.25 0.055725589262337664
     175.0                 10.0   19.640000000000043  0.05314666907278389
     597.0                 29.0   60.339999999999726  0.05053092196532675
     261.0                 10.0    19.50000000000005 0.047889455467094916
     181.0                 11.0   21.560000000000024 0.045233368335873256
     100.0                  8.0   14.729999999999995  0.04257370123106643
     924.0                 40.0    83.01000000000015   0.0399213882155973
      82.0                  5.0    8.729999999999988 0.037287209294954625
     350.0                 22.0    44.96999999999987 0.034681744192598826
     894.0                 32.0    65.96999999999984  0.03211532755311948
     517.0                 32.0    66.07999999999981  0.02959800575596477
    1099.0                 45.0     95.0600000000008 0.027139495513274072
     674.0                 31.0    63.90999999999982 0.024749144415390518
    1209.0                 50.0   105.04000000000123  0.02243589357706612
     688.0                 32.0    66.20999999999988 0.020208242526245826
     742.0                 41.0    85.59000000000036  0.01807421646569091
     841.0                 36.0     75.5000000000002   0.0160413360256299
     901.0                 37.0    76.55999999999999 0.014116589613167408
     325.0                 23.0   46.999999999999915 0.012306408451397237
     717.0                 38.0    78.64000000000023 0.010616644388117064
    1098.0                 33.0    67.96999999999983 0.009052550540787446
     191.0                 12.0   23.620000000000026 0.007618764830982972
     759.0                 34.0    71.38000000000008 0.006319296448103677
     933.0                 36.0    75.68000000000016 0.005157515268616991
     601.0                 36.0    74.25999999999998 0.004136144243641109
     824.0                 41.0    86.07000000000058 0.0032572547543205195
     989.0                 39.0    81.26000000000035 0.0025222649212421205
    1162.0                 49.0   102.41000000000095 0.0019319408411514014
    1423.0                 57.0   119.52000000000146 0.0014864007115104878
    1246.0                 52.0    109.2300000000013 0.0011851217910434481
    1043.0                 48.0   100.22000000000082 0.0010269501323938873
     904.0                 48.0   100.45000000000074 0.0010101130114224628
     906.0                 45.0    93.85000000000053 0.0011322339665452198
     598.0                 32.0     66.5299999999999 0.0013903503509013727
    1216.0                 47.0    98.45000000000098 0.0017809332900825723
     874.0                 42.0    87.17000000000044 0.0022999099286934183
     904.0                 45.0     94.8300000000009 0.0029426878401795603
     594.0                 33.0    68.30999999999986 0.003704181466188135
     889.0                 41.0    85.36000000000045 0.0045788404442432965
    1511.0                 47.0    98.44000000000099 0.005560679675753162
    1001.0                 47.0    97.58000000000064 0.006643310980335028
     779.0                 42.0    87.38000000000042 0.007819976177171792
      73.0                  5.0    8.679999999999989 0.009083581429608634
     831.0                 44.0    91.50000000000043 0.010426732685476357
     519.0                 30.0    61.59999999999978 0.011841772042694095
    1053.0                 47.0    98.74000000000082 0.013320814867562161
     427.0                 23.0     47.5799999999998 0.014855787491809463
     303.0                 19.0    38.56000000000004  0.01643846531389845
    1072.0                 47.0    98.15000000000087 0.018060511130318282
     276.0                 21.0   42.289999999999985 0.019713513523592702
     170.0                 11.0    21.65000000000004  0.02138902513548735
     119.0                  9.0    17.18000000000002 0.023078600656400952
    1626.0                 46.0    96.13000000000078  0.02477383436514919
    1165.0                 42.0    88.06000000000053 0.026466397057273387
    1297.0                 50.0   105.58000000000115  0.02814807220460579
    1119.0                 50.0     105.220000000001 0.029810791194068445
    1131.0                 51.0   107.14000000000098 0.031446667499544376
     514.0                 31.0    63.56999999999976  0.03304802964710371
     272.0                 15.0    30.29000000000012 0.034607452840858255
     475.0                 24.0   49.039999999999964 0.036117789124219264
    1025.0                 44.0    92.78000000000054 0.037572195959303195
     314.0                 19.0    38.29000000000006 0.038964163115632965
     131.0                  6.0    11.19999999999998 0.040287537768066345
     307.0                 17.0    34.72000000000015  0.04153654771301756
     538.0                 28.0   57.529999999999866 0.042705822621466036
     384.0                 21.0    43.36999999999998 0.043790413256929665
     460.0                 26.0    53.46999999999985  0.04478580859647143
     216.0                 12.0   23.650000000000084  0.04568795080285846
       0.0                  0.0                -2.01  0.04649324800615946
     544.0                 33.0    67.68999999999996  0.04719858486329961
     238.0                 14.0    28.23000000000011  0.04780133087434672
     399.0                 25.0   50.739999999999874  0.04829934644453365
    1315.0                 50.0   104.74000000000117 0.048690986691182096
     423.0                 20.0    40.63999999999996 0.048975103004739944
     381.0                 23.0    47.13999999999992  0.04915104238303329
     265.0                 16.0    32.24000000000013  0.04921864456752373
     148.0                  8.0   15.249999999999988  0.04917823701981034
     205.0                 14.0    27.86000000000008  0.04903062778578489
     313.0                 16.0    32.72000000000013   0.0487770963037005
     561.0                 25.0   51.779999999999866  0.04841938222091266
    1043.0                 50.0   104.44000000000095  0.04795967229216342
     728.0                 31.0    64.48999999999988  0.04740058543997287
      52.0                  6.0    10.50999999999999 0.046745156064947606
     473.0                 26.0   53.859999999999715  0.04599681570058715
     751.0                 40.0    83.34000000000039  0.04515937311343948
     561.0                 30.0   62.619999999999656  0.04423699295520789
     181.0                 13.0   25.680000000000057  0.04323417307861855
     181.0                 11.0   21.560000000000016   0.0421557206335096
     120.0                  8.0   15.009999999999975 0.041006727063680144
     661.0                 23.0   47.819999999999744  0.03979254212853233
     636.0                 37.0     76.2900000000002  0.03851874707644121
     388.0                 22.0    44.90999999999991  0.03719112709909002
     824.0                 38.0                78.81  0.03581564319771083
     196.0                 11.0   21.750000000000085 0.034398403593267866
     256.0                 16.0    32.33000000000011 0.032945634813120045
     107.0                  7.0   12.879999999999983  0.03146365258660175
     265.0                 19.0   38.480000000000004 0.029958832681274895
      48.0                  3.0    4.409999999999993 0.028437581810341683
     938.0                 40.0    83.77000000000055 0.026906308739876712
     365.0                 23.0    47.19999999999996 0.025371395722155844
    1140.0                 49.0     102.450000000001 0.023839170378442992
     796.0                 30.0   62.129999999999775 0.022315878151164627
     851.0                 39.0    81.44000000000048 0.020807655441476846
     217.0                 14.0   28.020000000000067 0.019320503543833353
     357.0                 23.0    47.17999999999993  0.01786026348432118
     584.0                 29.0    59.94999999999978  0.01643259186427047
    1709.0                 47.0     99.2800000000011 0.015042937804991507
    1423.0                 53.0   111.34000000000142 0.013696521083482092
     396.0                 27.0    55.30999999999985 0.012398311542602989
     757.0                 39.0    81.06000000000037 0.011153009852579773
     578.0                 33.0    68.64999999999979  0.00996502969378301
    1090.0                 46.0    96.25000000000082 0.008838481423601666
     890.0                 46.0    96.77000000000068 0.0077771572828905415
     417.0                 24.0    49.37999999999986 0.006784518189976793
    1165.0                 46.0    96.38000000000082 0.0058636821625881455
     682.0                 37.0    76.91000000000022 0.005017414400351678
    1343.0                 46.0    96.94000000000086 0.004248119052742517
    1166.0                 57.0   119.93000000000171 0.0035578326895717026
      75.0                  4.0    6.719999999999986 0.0029482194833265196
    1436.0                 64.0    133.6900000000011 0.0024205681049495635
     208.0                 17.0    33.99000000000011 0.001975790326998368
    1078.0                 37.0    76.59000000000012 0.0016144213205979887
     772.0                 42.0    87.45000000000054 0.0013366216252187458
    1191.0                 51.0   107.54000000000107 0.0011421807631082073
     930.0                 46.0    98.03000000000111 0.0010305224632138155
     431.0                 26.0    53.79999999999984 0.0010007114526767215
    1377.0                 63.0   132.66000000000142 0.0010514617674867216
     906.0                 46.0    95.79000000000089 0.0011811465276882255
     443.0                 25.0    51.39999999999988 0.001387809116642205
    1305.0                 59.0   124.48000000000177 0.0016691756983015908
     656.0                 35.0    71.90999999999993 0.0020226690012683938
     911.0                 43.0    89.08000000000042 0.0024454232935888663
    1401.0                 55.0    115.3800000000011 0.0029343004678253075
     574.0                 28.0    58.48999999999981 0.0034859071519347993
    1113.0                 47.0    98.10000000000082 0.004096612757899281
    1587.0                 58.0   121.86000000000159 0.004762568376898747
     767.0                 38.0    79.76000000000042 0.005479726427110222
     334.0                 24.0    48.98999999999994 0.0062438609579535224
    1502.0                 55.0    115.5100000000012 0.007050588512799861
     414.0                 25.0    51.66999999999982 0.007895389450809557
     592.0                 32.0    66.16999999999987  0.00877362962767404
    1083.0                 56.0    117.4600000000017 0.009680582334602353
     436.0                 27.0    55.76999999999976 0.010611450394910543
    1605.0                 56.0   117.48000000000154 0.011561388318038258
     701.0                 36.0    74.43999999999998 0.012525524411723006
     283.0                 18.0   36.320000000000014 0.013498982754400465
     783.0                 46.0    95.52000000000048 0.014476904931656993
     906.0                 44.0    91.65000000000056 0.015454471442726256
     852.0                 39.0     81.1700000000003 0.016426922685580894
    1244.0                 52.0   108.85000000000117  0.01738957943210638
    1163.0                 59.0   123.10000000000156 0.018337862708140043
     539.0                 27.0    56.29999999999984 0.019267312996796807
     814.0                 37.0    77.23000000000025 0.020173608687459144
     295.0                 19.0    38.56000000000001 0.021052583697068514
     691.0                 38.0     79.6800000000005  0.02190024419488928
     561.0                 32.0    66.85999999999987 0.022712784366705065
     906.0                 48.0   100.39000000000095 0.023486601159425323
      57.0                  4.0     6.53999999999999 0.024218307952302925
     259.0                 15.0   30.100000000000126 0.024904747106364446
     373.0                 23.0    46.63999999999995 0.025543001349209494
    1075.0                 51.0     106.480000000001 0.026130403958015677
     182.0                 13.0    25.65000000000007  0.02666454770936577
     749.0                 39.0    80.54000000000029 0.027143292570366424
     389.0                 25.0    50.71999999999991 0.027564772111425977
     107.0                  7.0   13.039999999999981 0.027927398626976328
     530.0                 36.0    74.13000000000024 0.028229866956333557
     171.0                 12.0    23.68000000000008 0.028471157002768182
     376.0                 20.0    41.16999999999989  0.02865053495467166
     583.0                 33.0    67.91999999999992   0.0287675532184381
     424.0                 25.0    51.34999999999985 0.028822049078302065
     449.0                 26.0    53.61999999999986  0.02881414210386262
    1306.0                 47.0    98.17000000000077  0.02874423033135727
    1192.0                 45.0    94.15000000000089  0.02861298524990475
    1496.0                 59.0   124.09000000000184 0.028421345628892605
     666.0                 38.0    78.17000000000013 0.028170510227423312
     255.0                 13.0   26.240000000000066 0.027861929431234226
      98.0                  8.0    14.85000000000001 0.027497295866753414
    1095.0                 50.0   104.52000000000115 0.027078534045929727
      66.0                  3.0     4.62999999999999 0.026607789099167355
     913.0                 45.0    93.22000000000065 0.026087414657088734
     124.0                 10.0    18.97000000000002 0.025519959944933904
    1143.0                 56.0   117.64000000000155  0.02490815615616813
     654.0                 31.0     64.4499999999997 0.024254902174306415
     111.0                  7.0    13.05999999999998 0.023563249714063254
     869.0                 43.0    89.16000000000054 0.022836387954696176
     344.0                 21.0    43.10999999999991 0.022077627739826283
    1023.0                 55.0   115.36000000000138  0.02129038541908714
    1130.0                 51.0   106.57000000000106  0.02047816640767323
    1060.0                 48.0   100.99000000000116 0.019644548540232835
     151.0                  9.0   17.460000000000008 0.018793165295578364
     376.0                 27.0    55.56999999999977 0.017927688968375613
     456.0                 25.0   51.709999999999916 0.017051813863325643
    1110.0                 48.0   100.05000000000112 0.016169239586377174
     957.0                 38.0    79.34000000000023 0.015283654506211046
     631.0                 36.0    74.42000000000007 0.014398719457630632
    1762.0                 63.0    133.1500000000015 0.013518051756584947
     403.0                 26.0    53.47999999999989 0.012645209594355274
     918.0                 43.0    89.97000000000064 0.011783676875964738
     709.0                 39.0    81.62000000000052  0.01093684856513982
     662.0                 37.0     77.1700000000003 0.010108016595173776
    1232.0                 54.0   113.25000000000139 0.009300356401835904
     810.0                 40.0    83.55000000000035 0.008516914131050286
     918.0                 48.0   100.19000000000082 0.0077605945704530745
    1169.0                 58.0   121.20000000000147  0.00703414985014579
    1771.0                 64.0   133.66000000000108 0.006340168954013101
     332.0                 21.0   42.669999999999995 0.0056810680788859595
     557.0                 34.0                70.52 0.005059081874624994
     528.0                 33.0    68.26999999999978 0.004476255593894709
    1343.0                 61.0   128.04000000000187  0.00393443817601641
     903.0                 43.0    89.86000000000068 0.003435276284847581
    1526.0                 66.0   139.43000000000123 0.0029802093161578366
     671.0                 38.0    79.30000000000021 0.0025704653854772977
     199.0                 11.0   21.820000000000054 0.002207058302901575
    1190.0                 54.0   114.25000000000142 0.0018907855368703965
    1474.0                 64.0   135.19000000000105 0.0016222271645110198
    1699.0                 67.0   140.94000000000125 0.0014017458017749887
    1923.0                 68.0   143.50000000000077 0.0012294875023143375
    1783.0                 65.0   137.20000000000095 0.001105383609859926
    1054.0                 51.0   106.93000000000114 0.0010291535447974807
    1164.0                 53.0   110.99000000000123 0.0010003085017029334
    1914.0                 70.0   147.45000000000073 0.0010181560308136826
     341.0                 20.0    40.91999999999998 0.001081805472791648
    1357.0                 51.0   107.58000000000138 0.001190174212691602
    2176.0                 68.0    142.6100000000004 0.0013419947157975206
    1593.0                 60.0   126.14000000000165 0.001535822304942842
    1837.0                 64.0    133.5000000000012 0.0017700436360987542
     711.0                 37.0    77.18000000000035 0.0020428858264079607
     700.0                 37.0    76.57000000000014 0.0023524261864692414
    1185.0                 55.0   115.42000000000137 0.0026966025065472852
     136.0                 12.0   23.330000000000055 0.0030732238445010346
    1071.0                 56.0   117.64000000000159 0.003479981761596031
    1889.0                 65.0   136.74000000000134 0.003914461950997288
    1275.0                 55.0   115.58000000000145 0.0043741562026318095
     922.0                 51.0   106.65000000000113 0.0048564746472658845
     305.0                 22.0    44.87999999999994 0.005358758222062491
    1094.0                 46.0    95.49000000000059  0.00587829129956805
     397.0                 26.0    53.25999999999982 0.006412314422023714
    2077.0                 69.0   144.52000000000075  0.00695803708310154
     705.0                 40.0    83.68000000000036  0.00751265049962637
    1216.0                 54.0   113.93000000000166   0.0080733403165551
     208.0                 14.0   28.050000000000097 0.008637299189440041
     778.0                 41.0    85.53000000000044 0.009201739189795076
     811.0                 42.0    87.64000000000055 0.009763903980205265
     720.0                 36.0    75.37000000000008 0.010321080707660961
     493.0                 32.0    66.13999999999973 0.010870611565450081
     994.0                 43.0    90.07000000000059  0.01140990497599299
     618.0                 37.0     77.5500000000002 0.011936446349243943
     579.0                 32.0    65.71999999999979 0.012447808373698407
     669.0                 37.0    77.44000000000021   0.0129416607996241
     842.0                 41.0    86.09000000000059 0.013415779676862163
     906.0                 45.0    94.07000000000072 0.013868056012408883
    2009.0                 73.0   152.60000000000048 0.014296503815974745
     405.0                 24.0    49.51999999999978  0.01469926750481005
    1273.0                 56.0   116.80000000000136  0.01507462864227152
     710.0                 39.0     82.1700000000004  0.01542101198786536
     678.0                 37.0    77.19000000000027 0.015736990839825313
     404.0                 26.0   53.209999999999816 0.016021291654652412
    1594.0                 68.0    143.7900000000007  0.01627279793144227
    1625.0                 64.0    134.6600000000013 0.016490553352238646
      73.0                  6.0   10.699999999999985 0.016673764173065517
     966.0                 52.0   109.11000000000132 0.016821800863686533
    1983.0                 75.0   159.29999999999998  0.01693419899750742
     107.0                 10.0   18.980000000000054  0.01701065939635779
     444.0                 27.0    55.74999999999982 0.017051047538150194
     730.0                 39.0    81.59000000000034 0.017055392238602477
     541.0                 38.0    78.12000000000022   0.0170238836213105
    1147.0                 48.0    99.78000000000077   0.0169568703934602
    1256.0                 60.0   126.19000000000177 0.016854856447357656
     402.0                 23.0    47.60999999999986  0.01671849681072271
    1711.0                 58.0   121.66000000000138 0.016548592971323668
     590.0                 37.0    76.77000000000014 0.016346087604019097
     195.0                 15.0   29.860000000000134 0.016112058730606484
     611.0                 34.0    71.42000000000003 0.015847713345049752
    2129.0                 76.0   159.81999999999948 0.015554380538659051
     376.0                 25.0    51.24999999999987 0.015233504161621083
     718.0                 42.0    88.27000000000059  0.01488663505891931
    1571.0                 66.0   138.82000000000116 0.014515422920136935
     978.0                 49.0   102.43000000000102 0.014121607783895481
     450.0                 31.0   63.749999999999694  0.01370701123874684
     364.0                 25.0   51.249999999999844 0.013273527363202007
    1173.0                 48.0   101.48000000000107 0.012823113448246035
     917.0                 47.0    98.82000000000099 0.012357780546154554
     750.0                 44.0    91.99000000000082 0.011879583889690515
     429.0                 28.0   57.839999999999755  0.01139061322582777
     664.0                 38.0    78.47000000000027 0.010892983108013864
     194.0                  7.0   13.829999999999966 0.010388823190661211
    2170.0                 79.0    165.7500000000002 0.009880268569036243
    1169.0                 55.0   115.72000000000166  0.00936945020701643
    1492.0                 61.0    128.9300000000022  0.00885848549429822
     250.0                 20.0    40.34999999999996  0.00834946897358364
    1267.0                 54.0    113.0000000000011 0.007844463277043516
     559.0                 30.0    62.15999999999975 0.0073454903099712575
    1358.0                 61.0   129.07000000000198 0.006854522717997854
     969.0                 50.0   104.44000000000091 0.006373475672558136
    1771.0                 64.0    133.7600000000014 0.005904199007476587
    1220.0                 51.0   106.87000000000103 0.005448469737598823
    1544.0                 61.0   129.13000000000196 0.005007984988335675
     783.0                 37.0    77.20000000000023 0.0045843553628214725
    1190.0                 63.0    132.1900000000013 0.0041790987711333005
    2232.0                 74.0    156.3099999999998 0.003793634743675025
     219.0                 16.0    32.16000000000011 0.003429279248421462
    1362.0                 63.0    132.2100000000015 0.003087240029244257
    1431.0                 59.0   123.52000000000152 0.0027686124800247267
    1710.0                 68.0    142.9700000000009 0.0024743760667011853
    1364.0                 59.0   123.63000000000159 0.002205391306820979
     685.0                 36.0    75.30000000000021 0.0019623973135729127
    1285.0                 59.0   123.06000000000161 0.0017460099086845197
    2686.0                 78.0    165.0499999999998 0.0015567203059839796
     549.0                 33.0    68.65999999999995 0.0013948943648674121
    1142.0                 56.0   117.25000000000166 0.0012607724103831407
    1826.0                 70.0    147.8900000000008 0.0011544696141616822
    2179.0                 67.0   141.40000000000092 0.0010759769279907255
    2081.0                 55.0   117.64000000000155 0.0010251625594694103
    1448.0                 62.0    131.1500000000015 0.0010017739768867235
     925.0                 46.0    96.90000000000077 0.0010054404282618693
    1528.0                 57.0   120.31000000000172 0.001035675957371193
    1426.0                 62.0   130.45000000000178 0.0010918828975732117
    1275.0                 54.0   113.06000000000128 0.001173355822339372
    1577.0                 65.0    137.6200000000013 0.001279285929610204
    1083.0                 49.0   102.30000000000067 0.001408765835430783
    1802.0                 72.0   152.25000000000028 0.0015607947507829646
    1215.0                 56.0   117.08000000000133 0.0017342840141282225
    1647.0                 74.0   155.51999999999978 0.0019280629509113379
     834.0                 40.0    83.49000000000046 0.0021408850301524894
    1400.0                 67.0   139.83000000000078 0.002371434287280417
    1426.0                 64.0   134.21000000000137 0.0026183319815315967
    1260.0                 55.0   114.77000000000119 0.0028801434555635733
     879.0                 48.0   101.04000000000106 0.0031553851644068043
     851.0                 46.0    95.74000000000066 0.0034425318405055015
     401.0                 27.0    55.61999999999986 0.0037400237613796567
    1876.0                 70.0    148.7500000000007 0.004046274086370009
    1088.0                 53.0   111.39000000000134 0.004359676229011225
    1127.0                 57.0   118.86000000000122  0.00467861123180596
     584.0                 34.0    70.47000000000008 0.005001455110549301
    1583.0                 66.0   138.60000000000122 0.005326586135867505
    1410.0                 59.0    123.2300000000015 0.005652392020291633
    1620.0                 66.0   139.09000000000103 0.005977276979972324
     752.0                 44.0     91.6100000000005 0.006299668641060556
      94.0                  8.0   14.909999999999988 0.006618024761815946
    1238.0                 48.0   100.29000000000096 0.006930839742662043
     390.0                 24.0   49.489999999999824 0.0072366508976727684
    1205.0                 51.0   107.44000000000109 0.007534044462343567
    1351.0                 59.0   124.20000000000195  0.00782166131396754
    1194.0                 54.0    113.6900000000015 0.008098202382488507
    1823.0                 69.0   146.26000000000028 0.008362433731339582
    1405.0                 56.0   117.54000000000144 0.008613191289480071
    1413.0                 56.0    116.9800000000013 0.008849385217615979
    1376.0                 57.0   119.73000000000144 0.009070003893412937
     827.0                 46.0     96.5600000000009 0.009274117502384289
    1785.0                 69.0   144.32000000000073 0.009460881223044663
     611.0                 31.0    64.77999999999982 0.009629537996859436
    2047.0                 80.0    168.3599999999996 0.009779420875476515
     754.0                 36.0     75.8700000000001 0.009909954939697138
    1461.0                 63.0   131.88000000000136 0.010020658786611163
     831.0                 46.0    96.06000000000071 0.010111145583287236
     606.0                 35.0    72.67000000000007 0.010181123687355118
     596.0                 33.0                69.11 0.010230396836741356
    1007.0                 51.0   106.16000000000082 0.010258863912711497
    1808.0                 73.0   153.91000000000045  0.01026651828222196
    1083.0                 48.0   101.56000000000132 0.010253446727388475
     659.0                 36.0    74.89999999999996 0.010219827971624306
     821.0                 44.0    92.24000000000073 0.010165930813686382
    1430.0                 72.0    151.7700000000001 0.010092111882481804
     492.0                 26.0     54.0899999999998 0.009998813027026356
    1281.0                 63.0    132.6800000000014 0.009886558357403395
     620.0                 38.0    79.03000000000026 0.009755950953941005
     360.0                 19.0    39.24999999999999  0.00960766926310246
     300.0                 19.0    38.95000000000003 0.009442463199764554
     885.0                 47.0    98.14000000000078 0.009261149976637451
    1641.0                 71.0   149.52000000000032 0.009064609682552849
     141.0                 12.0    23.34000000000006 0.008853780632213395
     674.0                 38.0    80.11000000000017  0.00862965451075144
    1043.0                 51.0   107.10000000000113  0.00839327133708715
     910.0                 48.0   100.71000000000114 0.008145714270605092
     832.0                 47.0    98.93000000000124 0.007888104286080293
    1124.0                 53.0   111.03000000000114 0.007621594742083188
     792.0                 42.0    87.49000000000053 0.007347365868273115
    1078.0                 48.0   101.69000000000108 0.007066619197057567
    1472.0                 63.0    132.4500000000015 0.006780571965045154
    1892.0                 74.0   155.78999999999988 0.0064904515095612235
    1040.0                 51.0   107.65000000000147 0.006197489685222393
     779.0                 38.0    78.50000000000001 0.005902917325188705
     882.0                 45.0    94.03000000000077 0.005607958771225968
    1167.0                 59.0   123.92000000000174 0.005313826496126446
    1129.0                 53.0   110.94000000000119 0.005021715841350285
    1521.0                 58.0   121.98000000000157 0.004732799891973044
      43.0                  5.0    8.419999999999993 0.004448224510157415
    1513.0                 63.0    133.1000000000019  0.00416910354741456
     619.0                 35.0     73.4599999999999 0.0038965142548912837
    1165.0                 52.0   109.00000000000139 0.0036314929098129893
    1719.0                 72.0   151.02000000000066 0.0033750306750417623
    2391.0                 83.0   174.55999999999906 0.0031280697074729923
     545.0                 32.0    66.57999999999991 0.0028914995297056956
    1801.0                 75.0   158.39999999999927 0.0026661536780808463
    1307.0                 60.0    126.1000000000018 0.002452806638801713
