
########################################################################## 
################################ Settings ################################ 
########################################################################## 

Note: Using linear eps. decay. + distance to apple reward.

####### Hyperparameters ####### : 
batch_size: 256
 gamma: 0.99
 initial_epsilon: 1.0
 minimal_epsilon: 0.001
 epsilon_decay_rate: 0.003
 target_update_frequency: 50
 learning_rate: 2e-05
 memory_size: 1000000
 n_episodes: 475
 
####### Optimizer ####### : 
 Adam (
Parameter Group 0
    amsgrad: False
    betas: (0.9, 0.999)
    capturable: False
    eps: 1e-08
    foreach: None
    lr: 2e-05
    maximize: False
    weight_decay: 0
)

####### Loss function ####### : 
 MSELoss()

####### Network structure #######: 
 DeepQNetwork(
  (lin1): Linear(in_features=18, out_features=360, bias=True)
  (lin2): Linear(in_features=360, out_features=180, bias=True)
  (lin3): Linear(in_features=180, out_features=4, bias=True)
  (rectifier): ReLU()
)

########################################################################## 
################################## DATA ################################## 
########################################################################## 
    steps:              scores:             rewards:             epsilon:
      21.0                  0.0  -2.0002000000000004                  1.0
      36.0                  0.0              -2.0007                  1.0
      20.0                  0.0              -2.0001                  1.0
      19.0                  0.0  -1.9996000000000003                  1.0
       5.0                  0.0  -2.0006000000000004                  1.0
      39.0                  0.0  -2.0012000000000003                  1.0
      21.0                  0.0  -2.0006000000000004                  1.0
       4.0                  0.0              -2.0003                  1.0
      11.0                  0.0  -2.0012000000000003                  1.0
       1.0                  0.0  -2.0002000000000004                  1.0
      11.0                  0.0                 -2.0                  1.0
       7.0                  0.0  -2.0002000000000004                  1.0
       4.0                  0.0              -2.0003                  1.0
       7.0                  0.0  -2.0002000000000004                  1.0
      15.0                  0.0  -2.0008000000000004                  1.0
      46.0                  0.0              -2.0011                0.955
       7.0                  0.0  -2.0002000000000004                0.952
     135.0                  0.0  -2.0012000000000003                0.949
       1.0                  0.0                 -2.0                0.946
      10.0                  0.0              -2.0003                0.943
      11.0                  0.0  -2.0004000000000004                 0.94
      19.0                  0.0                 -2.0                0.937
      23.0                  0.0  -2.0016000000000003   0.9339999999999999
     101.0                  1.0 -4.440892098500626e-16                0.931
      22.0                  0.0  -1.9999000000000002   0.9279999999999999
      15.0                  0.0  -1.9998000000000002                0.925
      17.0                  0.0  -2.0004000000000004                0.922
      12.0                  0.0              -2.0005                0.919
     121.0                  1.0 0.0003999999999981796                0.916
      83.0                  0.0  -2.0004000000000004                0.913
      62.0                  0.0  -1.9999000000000002                 0.91
       8.0                  0.0  -1.9997000000000003                0.907
      12.0                  0.0  -1.9999000000000002                0.904
       4.0                  0.0              -2.0001                0.901
      34.0                  0.0  -1.9999000000000002                0.898
      12.0                  0.0              -2.0011                0.895
      17.0                  0.0  -2.0002000000000004                0.892
      20.0                  0.0              -2.0011                0.889
       0.0                  0.0              -2.0001                0.886
      39.0                  0.0  -2.0004000000000004                0.883
      45.0                  1.0 0.0011999999999994237                 0.88
      85.0                  0.0              -2.0024                0.877
       2.0                  0.0  -1.9999000000000002                0.874
       7.0                  0.0  -2.0008000000000004                0.871
      10.0                  0.0              -2.0001                0.868
      70.0                  0.0              -2.0011                0.865
       8.0                  0.0              -2.0005                0.862
      56.0                  1.0 0.0019000000000035655                0.859
      28.0                  0.0              -2.0003                0.856
      31.0                  0.0  -2.0008000000000004                0.853
      29.0                  0.0  -1.9984000000000002                 0.85
      29.0                  0.0  -2.0006000000000004                0.847
      28.0                  0.0  -1.9985000000000002                0.844
     287.0                  1.0 0.002000000000001556                0.841
      54.0                  0.0              -2.0005                0.838
      30.0                  1.0 0.0009000000000010111                0.835
      87.0                  0.0  -1.9992000000000003                0.832
      95.0                  1.0 0.0007999999999999119                0.829
      79.0                  0.0  -1.9992000000000003                0.826
     193.0                  1.0 0.0016000000000029324                0.823
      13.0                  0.0                 -2.0   0.8200000000000001
      13.0                  0.0  -1.9994000000000003                0.817
      14.0                  1.0 -0.00010000000000043308   0.8140000000000001
      96.0                  0.0  -1.9991000000000003   0.8109999999999999
      63.0                  0.0               -1.999                0.808
      69.0                  1.0 0.0006000000000008221   0.8049999999999999
       4.0                  0.0              -2.0001                0.802
      41.0                  1.0 0.000800000000000356   0.7989999999999999
      96.0                  0.0  -1.9997000000000003                0.796
      45.0                  0.0                 -2.0   0.7929999999999999
      34.0                  0.0              -2.0009                 0.79
      71.0                  1.0 -0.00020000000000131024                0.787
       1.0                  0.0                 -2.0                0.784
      55.0                  0.0  -2.0002000000000004                0.781
      53.0                  1.0 0.00019999999999953388                0.778
      13.0                  0.0  -1.9996000000000003                0.775
     188.0                  0.0              -2.0015                0.772
      60.0                  0.0  -1.9991000000000003                0.769
      52.0                  0.0              -2.0007                0.766
     177.0                  1.0 0.0007999999999990237                0.763
       3.0                  0.0  -1.9998000000000002                 0.76
      20.0                  0.0              -2.0007                0.757
     101.0                  0.0  -1.9998000000000002                0.754
      43.0                  0.0  -1.9992000000000003                0.751
      46.0                  1.0 0.0017000000000000348                0.748
      66.0                  0.0  -1.9995000000000003                0.745
      46.0                  1.0 -0.00030000000000129923                0.742
      95.0                  0.0  -1.9994000000000003                0.739
       3.0                  0.0  -1.9998000000000002                0.736
     235.0                  3.0   4.0051999999999985                0.733
       3.0                  0.0  -2.0002000000000004                 0.73
     272.0                  1.0 0.0004999999999997229                0.727
     388.0                  2.0   2.0029000000000035                0.724
      15.0                  0.0  -2.0002000000000004                0.721
      47.0                  0.0  -2.0006000000000004                0.718
       5.0                  0.0                 -2.0                0.715
      55.0                  1.0 0.0013999999999998458                0.712
       5.0                  0.0  -2.0004000000000004   0.7090000000000001
     210.0                  6.0    10.00649999999999                0.706
      57.0                  1.0 -8.881784197001252e-16   0.7030000000000001
     247.0                  0.0  -1.9988000000000001                  0.7
      10.0                  0.0  -1.9999000000000002   0.6970000000000001
       2.0                  0.0              -2.0003                0.694
       0.0                  0.0              -2.0001   0.6910000000000001
       2.0                  0.0              -2.0003                0.688
     146.0                  0.0  -1.9997000000000003                0.685
     236.0                  0.0  -1.9993000000000003   0.6819999999999999
      42.0                  1.0 0.0017000000000022553                0.679
     323.0                  2.0   2.0018000000000042   0.6759999999999999
     296.0                  1.0 0.0013000000000014111                0.673
     245.0                  0.0  -1.9978000000000002   0.6699999999999999
     372.0                  1.0 0.002100000000000435                0.667
     104.0                  1.0 0.0010999999999996568   0.6639999999999999
       4.0                  0.0              -2.0005                0.661
     147.0                  0.0  -1.9996000000000003   0.6579999999999999
       0.0                  0.0              -2.0001                0.655
     107.0                  1.0 0.002000000000000224   0.6519999999999999
     600.0                  0.0              -0.0009                0.649
      88.0                  1.0 0.0012999999999996348                0.646
      95.0                  4.0               6.0024                0.643
      15.0                  0.0                 -2.0                 0.64
     447.0                  0.0  -1.9992000000000003                0.637
     133.0                  1.0 0.0010000000000012221                0.634
       3.0                  0.0  -2.0002000000000004                0.631
      94.0                  1.0 0.0017000000000000348                0.628
     180.0                  2.0    2.003900000000003                0.625
      46.0                  0.0  -1.9997000000000003                0.622
      12.0                  0.0              -2.0007                0.619
      71.0                  1.0 0.00039999999999995595                0.616
      39.0                  1.0 0.0005999999999999339                0.613
      62.0                  4.0    6.003499999999999                 0.61
      75.0                  1.0 0.0018000000000033545                0.607
       2.0                  0.0              -2.0003                0.604
     172.0                  5.0    8.004299999999999                0.601
     383.0                  1.0 0.0016000000000002679                0.598
     192.0                  2.0   2.0023000000000013                0.595
     136.0                  4.0    6.003899999999993                0.592
     107.0                  0.0  -1.9988000000000001                0.589
      48.0                  0.0  -1.9985000000000002                0.586
     242.0                  1.0 0.0018999999999995687                0.583
     335.0                  0.0  -1.9984000000000002   0.5800000000000001
     746.0                  2.0    4.004500000000004                0.577
     223.0                  4.0    6.004799999999996   0.5740000000000001
       2.0                  0.0              -2.0001                0.571
     254.0                  4.0    6.004300000000001   0.5680000000000001
    1212.0                  2.0    2.003100000000003                0.565
     494.0                  1.0 0.001100000000000545                0.562
      93.0                  0.0  -1.9994000000000003   0.5589999999999999
      79.0                  1.0 0.0008000000000008001                0.556
     325.0                  3.0    4.004399999999997   0.5529999999999999
     104.0                  4.0    6.004299999999997                 0.55
     167.0                  1.0 0.0007999999999999119   0.5469999999999999
     213.0                  0.0  -1.9992000000000003                0.544
      19.0                  0.0                 -2.0   0.5409999999999999
       4.0                  0.0              -2.0005                0.538
      87.0                  5.0    8.003400000000001   0.5349999999999999
     205.0                  4.0    6.006399999999994                0.532
       0.0                  0.0              -2.0001   0.5289999999999999
     358.0                  6.0   10.005699999999994                0.526
     212.0                  4.0    6.005499999999996   0.5229999999999999
     155.0                  1.0 0.001600000000000712                 0.52
       0.0                  0.0              -2.0001                0.517
     452.0                  4.0    6.002699999999997                0.514
     389.0                  3.0               4.0032                0.511
     241.0                  0.0  -1.9988000000000001                0.508
     309.0                  0.0  -2.0002000000000004                0.505
     566.0                  4.0    6.004099999999996                0.502
     177.0                  7.0   12.007999999999987                0.499
     121.0                  1.0 0.002600000000002378                0.496
      49.0                  0.0  -2.0008000000000004                0.493
     192.0                  5.0    8.005899999999992                 0.49
     226.0                  0.0  -1.9983000000000002                0.487
      34.0                  0.0              -2.0003                0.484
     378.0                  0.0  -1.9997000000000003                0.481
      22.0                  0.0              -2.0005                0.478
      77.0                  1.0 0.002000000000000224                0.475
       0.0                  0.0              -2.0001                0.472
      59.0                  1.0 0.0015999999999993797                0.469
     616.0                  1.0    2.001900000000001  0.46599999999999997
       1.0                  0.0  -2.0002000000000004  0.46299999999999997
     181.0                  3.0               4.0032  0.45999999999999996
       2.0                  0.0              -2.0001  0.45699999999999996
     144.0                  0.0  -1.9985000000000002  0.45399999999999996
       2.0                  0.0              -2.0001  0.45099999999999996
      65.0                  2.0   2.0014000000000016  0.44799999999999995
     600.0                  0.0 -0.0009000000000000002  0.44499999999999995
      32.0                  0.0  -1.9981000000000002  0.44199999999999995
       6.0                  0.0  -1.9997000000000003  0.43899999999999995
     600.0                  0.0 0.00030000000000000003  0.43599999999999994
       2.0                  0.0  -1.9999000000000002  0.43299999999999994
     300.0                 10.0   18.010499999999983  0.42999999999999994
     251.0                  0.0  -2.0002000000000004  0.42699999999999994
     196.0                  2.0   2.0030999999999985  0.42399999999999993
     683.0                  3.0    4.002999999999997  0.42100000000000004
     119.0                  0.0  -2.0006000000000004  0.41800000000000004
     569.0                  0.0  -1.9986000000000002  0.41500000000000004
     602.0                  1.0    2.001100000000002  0.41200000000000003
      93.0                  4.0    6.003599999999995  0.40900000000000003
     218.0                  4.0    6.005499999999996                0.406
     653.0                  2.0                4.003                0.403
     120.0                  4.0               6.0039                  0.4
       4.0                  0.0  -1.9997000000000003                0.397
     934.0                  3.0   6.0024999999999995                0.394
       9.0                  1.0 0.00019999999999997797                0.391
      36.0                  0.0  -1.9991000000000003                0.388
     156.0                  1.0 0.0024999999999999467                0.385
     355.0                  4.0    6.006799999999995                0.382
      21.0                  0.0  -2.0002000000000004                0.379
     615.0                  1.0   2.0004000000000004                0.376
       7.0                  0.0  -1.9996000000000003                0.373
     306.0                  5.0    8.003899999999994                 0.37
     102.0                  4.0   6.0040999999999976                0.367
     622.0                  1.0    2.002100000000001                0.364
       9.0                  0.0  -2.0010000000000003                0.361
      22.0                  0.0  -1.9995000000000003                0.358
     500.0                  2.0   2.0021000000000053                0.355
     652.0                  3.0    6.004499999999997                0.352
     232.0                  0.0  -1.9987000000000001                0.349
     329.0                  5.0    8.005399999999995                0.346
     600.0                  0.0 0.00030000000000000003  0.34299999999999997
     600.0                  0.0 0.00030000000000000003  0.33999999999999997
     381.0                  4.0    6.006599999999992  0.33699999999999997
     131.0                  4.0   6.0049999999999955  0.33399999999999996
     458.0                  4.0    6.006099999999998  0.33099999999999996
     574.0                  3.0               4.0029  0.32799999999999996
       8.0                  0.0  -1.9999000000000002  0.32499999999999996
     621.0                  2.0    4.001800000000001  0.32199999999999995
     484.0                  4.0     6.00649999999999  0.31899999999999995
       0.0                  0.0              -2.0001  0.31599999999999995
     623.0                  1.0   2.0028000000000024  0.31299999999999994
     600.0                  0.0 0.0011000000000000003  0.30999999999999994
     624.0                  2.0    4.003100000000001  0.30699999999999994
      52.0                  1.0 0.000700000000000589  0.30399999999999994
     605.0                  1.0   2.0006000000000004  0.30099999999999993
     642.0                  1.0    2.001500000000002  0.29799999999999993
     441.0                  4.0    6.006199999999996  0.29500000000000004
     260.0                  4.0    6.006699999999995  0.29200000000000004
      86.0                  4.0    6.004500000000002  0.28900000000000003
     850.0                  3.0               6.0047  0.28600000000000003
     474.0                  4.0    6.003499999999999  0.28300000000000003
     325.0                 10.0   18.009199999999986                 0.28
     654.0                  2.0    4.003700000000002                0.277
     190.0                  1.0 0.001300000000000967                0.274
     193.0                  5.0    8.005599999999994                0.271
     125.0                  6.0   10.005399999999991                0.268
     211.0                  4.0    6.004199999999997                0.265
     190.0                  1.0 0.0016999999999995907                0.262
     297.0                  3.0   4.0051999999999985                0.259
     164.0                  3.0               4.0021                0.256
     268.0                  4.0    6.007899999999992                0.253
       0.0                  0.0              -2.0001                 0.25
     323.0                  2.0    2.002800000000002                0.247
     341.0                  6.0   10.007599999999991                0.244
     361.0                  6.0   10.006799999999991                0.241
     217.0                 10.0   18.010199999999983                0.238
     448.0                  6.0   10.009099999999986                0.235
     136.0                  5.0    8.006299999999996  0.23199999999999998
      49.0                  3.0   4.0037999999999965  0.22899999999999998
     180.0                  5.0    8.007699999999993  0.22599999999999998
       0.0                  0.0              -2.0001  0.22299999999999998
     196.0                  4.0    6.007299999999995  0.21999999999999997
     145.0                  5.0    8.008599999999992  0.21699999999999997
     600.0                  0.0 -0.0009000000000000002  0.21399999999999997
     466.0                 13.0    24.01969999999997  0.21099999999999997
     135.0                  4.0    6.004399999999997  0.20799999999999996
     239.0                  6.0    10.00859999999999  0.20499999999999996
     197.0                  5.0    8.006399999999992  0.20199999999999996
       7.0                  0.0  -1.9994000000000003  0.19899999999999995
     276.0                  6.0   10.010699999999984  0.19599999999999995
     242.0                  6.0   10.005699999999992  0.19299999999999995
     647.0                  3.0    6.001600000000005  0.18999999999999995
     125.0                  2.0   2.0042000000000004  0.18699999999999994
     212.0                  5.0    8.005899999999997  0.18399999999999994
     600.0                  0.0               0.0023  0.18099999999999994
     513.0                 18.0    34.01979999999999  0.17799999999999994
       2.0                  0.0              -2.0001  0.17499999999999993
     293.0                  9.0   16.009999999999984  0.17199999999999993
     223.0                  5.0    8.007399999999992  0.16899999999999993
      51.0                  3.0    4.002799999999999  0.16600000000000004
     145.0                  6.0   10.008599999999994  0.16300000000000003
     146.0                  6.0   10.005299999999993  0.16000000000000003
      54.0                  4.0    6.004699999999998  0.15700000000000003
      31.0                  2.0    2.001200000000004  0.15400000000000003
    1077.0                  8.0    14.01279999999998  0.15100000000000002
       0.0                  0.0              -2.0001  0.14800000000000002
     670.0                  3.0    6.006499999999997  0.14500000000000002
     135.0                  4.0    6.009399999999994  0.14200000000000002
     163.0                 14.0    26.01219999999998                0.139
      95.0                  6.0    10.00779999999999                0.136
     228.0                  6.0   10.009499999999987                0.133
     325.0                 12.0    22.01819999999997                 0.13
     519.0                  4.0    6.007999999999992                0.127
      79.0                  2.0    2.002600000000006                0.124
     516.0                 16.0   30.024099999999965                0.121
     396.0                 16.0   30.023500000000038                0.118
     626.0                  1.0   2.0037000000000034  0.11499999999999999
     188.0                 10.0   18.011699999999987  0.11199999999999999
      39.0                  2.0   2.0036000000000054  0.10899999999999999
     305.0                  5.0     8.00519999999999  0.10599999999999998
     256.0                  7.0    12.01089999999999  0.10299999999999998
     253.0                  8.0   14.009199999999982  0.09999999999999998
       9.0                  0.0  -1.9992000000000003  0.09699999999999998
      88.0                  5.0    8.007099999999994  0.09399999999999997
     287.0                  8.0   14.010799999999985  0.09099999999999997
     111.0                  5.0    8.006199999999994  0.08799999999999997
     606.0                 28.0    54.03630000000038  0.08499999999999996
       6.0                  0.0              -2.0003  0.08199999999999996
     495.0                 15.0   28.020799999999966  0.07899999999999996
     621.0                  1.0   2.0042000000000066  0.07599999999999996
     959.0                 19.0    36.02300000000003  0.07299999999999995
     102.0                  4.0    6.004900000000001  0.06999999999999995
      16.0                  1.0 0.0015000000000000568  0.06699999999999995
     375.0                 17.0   32.024600000000035  0.06399999999999995
     659.0                 23.0   44.029400000000294  0.06099999999999994
     434.0                 18.0    34.02190000000005  0.05799999999999994
     460.0                 21.0    40.03150000000023  0.05499999999999994
     594.0                 32.0    62.04090000000069 0.051999999999999935
     871.0                 15.0    30.02419999999995  0.04899999999999993
     862.0                 31.0    60.04590000000067  0.04599999999999993
     177.0                 10.0    18.01379999999998  0.04299999999999993
    1140.0                 46.0     90.0579000000012 0.040000000000000036
     696.0                  9.0   16.014099999999974  0.03700000000000003
     449.0                 22.0    42.02980000000023  0.03400000000000003
     595.0                 25.0    48.03280000000036 0.031000000000000028
     138.0                  7.0   12.010299999999988 0.028000000000000025
     816.0                 36.0    70.04610000000089 0.025000000000000022
     379.0                 18.0   34.022999999999996  0.02200000000000002
     265.0                 15.0    28.02079999999996 0.019000000000000017
     946.0                 39.0    76.06190000000116 0.016000000000000014
    1254.0                 47.0    92.08010000000172 0.013000000000000012
    1694.0                 44.0    86.06430000000123 0.010000000000000009
      72.0                  3.0   4.0062999999999995 0.007000000000000006
    2092.0                 57.0   112.07290000000172 0.0040000000000000036
    2336.0                 47.0     92.0621000000013 0.0010000000000000009
    1577.0                 51.0   100.07240000000154                0.001
    2026.0                 52.0    102.0625000000015                0.001
     627.0                 29.0    56.03600000000055                0.001
    2158.0                 56.0   110.07430000000186                0.001
    1953.0                 46.0    90.06960000000127                0.001
     728.0                 35.0    68.04950000000088                0.001
    2523.0                 65.0   128.08660000000208                0.001
    1535.0                 43.0    84.06200000000109                0.001
    2035.0                 60.0   118.07120000000167                0.001
     804.0                 13.0   26.018499999999964                0.001
    2142.0                 44.0     88.0619000000012                0.001
    2169.0                 58.0   114.07340000000171                0.001
    2022.0                 51.0   100.06550000000152                0.001
    3413.0                 56.0   112.07960000000193                0.001
    1866.0                 58.0    114.0797000000019                0.001
     992.0                 44.0    86.05390000000105                0.001
    3195.0                 63.0   124.07420000000172                0.001
     435.0                 26.0   50.032200000000415                0.001
    2760.0                 61.0   122.08070000000187                0.001
    1441.0                 47.0    92.05820000000118                0.001
    2644.0                 60.0   118.08010000000193                0.001
    3303.0                 69.0     136.081800000002                0.001
     156.0                  8.0   14.011499999999984                0.001
    1275.0                 43.0    84.06680000000135                0.001
    2268.0                 56.0   110.07210000000171                0.001
    1566.0                 49.0     96.0677000000015                0.001
    1458.0                 50.0    98.07630000000175                0.001
    1485.0                 50.0    98.06580000000145                0.001
    1762.0                 58.0    114.0759000000017                0.001
     657.0                 32.0    62.04600000000073                0.001
     871.0                 35.0    68.04960000000102                0.001
     714.0                  8.0   16.012899999999984                0.001
     782.0                 12.0    24.01569999999997                0.001
     635.0                  3.0    6.004599999999996                0.001
    1051.0                 42.0    82.05660000000125                0.001
    1599.0                 52.0   102.07180000000164                0.001
    1416.0                 55.0   108.06850000000173                0.001
    1962.0                 50.0   100.06370000000135                0.001
    3099.0                 70.0   138.09640000000243                0.001
    1827.0                 58.0   114.06500000000145                0.001
    2821.0                 60.0   118.07020000000163                0.001
    1642.0                 59.0   116.08210000000196                0.001
    1576.0                 54.0   106.07310000000182                0.001
    1587.0                 51.0   100.06620000000159                0.001
     849.0                 41.0    80.05640000000116                0.001
    2591.0                 75.0   148.09200000000237                0.001
    2289.0                 53.0   106.08020000000177                0.001
    2826.0                 71.0   140.09850000000253                0.001
    2565.0                 69.0   136.09320000000238                0.001
    2277.0                 62.0   122.07980000000191                0.001
     802.0                 42.0    82.04970000000101                0.001
    1777.0                 54.0   108.06700000000166                0.001
    3753.0                 98.0   194.13080000000357                0.001
     981.0                 42.0    82.05540000000097                0.001
    1095.0                 54.0   106.07340000000167                0.001
    1003.0                 47.0    92.05260000000109                0.001
     375.0                 23.0   44.033600000000284                0.001
    1034.0                 52.0    102.0689000000014                0.001
     671.0                 38.0    74.05180000000084                0.001
    2576.0                 76.0   150.10190000000253                0.001
    1344.0                 56.0   110.07510000000151                0.001
    1830.0                 66.0    130.0889000000023                0.001
    3382.0                 77.0   152.10310000000254                0.001
    1333.0                 61.0   120.07440000000179                0.001
     836.0                 43.0    84.05950000000112                0.001
    1015.0                 55.0   108.07000000000161                0.001
    1012.0                 44.0    86.06570000000136                0.001
    2257.0                 58.0   116.07020000000156                0.001
    2505.0                 74.0   146.10100000000259                0.001
    1731.0                 70.0    138.1006000000025                0.001
    2250.0                 72.0   142.10030000000256                0.001
     598.0                 37.0    72.05030000000099                0.001
     998.0                 50.0    98.07210000000156                0.001
    2117.0                 68.0   134.08940000000226                0.001
    1757.0                 66.0    130.0828000000021                0.001
    1666.0                 61.0   120.07150000000188                0.001
     845.0                 39.0    76.05060000000088                0.001
    2027.0                 80.0   158.10660000000286                0.001
    1743.0                 53.0   106.07480000000186                0.001
    2103.0                 71.0    140.0966000000025                0.001
     299.0                 19.0    36.02940000000006                0.001
    1064.0                 45.0    88.06410000000143                0.001
    2034.0                 64.0   126.09350000000234                0.001
    3339.0                 81.0   160.11200000000287                0.001
     944.0                 43.0    84.06370000000133                0.001
    1650.0                 65.0   128.09490000000238                0.001
    2163.0                 70.0   138.09260000000236                0.001
     732.0                 36.0    70.05170000000078                0.001
     996.0                 44.0    86.05850000000123                0.001
    1505.0                 62.0   122.08000000000183                0.001
    1092.0                 55.0    108.0707000000016                0.001
     972.0                 50.0    98.06630000000145                0.001
     904.0                 45.0    88.06770000000144                0.001
    1410.0                 56.0   110.08610000000205                0.001
     902.0                 48.0    94.06310000000137                0.001
    1072.0                 49.0    96.06470000000145                0.001
    1434.0                 60.0   118.07330000000168                0.001
    1312.0                 61.0    120.0803000000018                0.001
     673.0                 36.0    70.04660000000088                0.001
    2404.0                 73.0   144.09610000000245                0.001
    1683.0                 64.0   126.08280000000201                0.001
     570.0                 35.0    68.04690000000078                0.001
    1330.0                 54.0   106.07190000000143                0.001
    1336.0                 56.0   110.07550000000163                0.001
     416.0                 28.0   54.036500000000466                0.001
    2006.0                 64.0   126.08210000000199                0.001
    1383.0                 57.0   112.06400000000146                0.001
     379.0                 25.0   48.032000000000394                0.001
    1756.0                 66.0   130.08450000000204                0.001
    1549.0                 61.0   120.08320000000205                0.001
    1266.0                 55.0   108.07630000000181                0.001
     278.0                 18.0   34.026700000000076                0.001
    1687.0                 72.0    142.0896000000024                0.001
     937.0                 45.0    88.06180000000116                0.001
    2586.0                 67.0   132.08590000000194                0.001
    1371.0                 66.0   130.08640000000224                0.001
    1245.0                 52.0   102.07220000000157                0.001
    1580.0                 50.0    98.07350000000156                0.001
    1526.0                 54.0   106.07050000000167                0.001
     967.0                 48.0    94.07100000000152                0.001
    1849.0                 64.0   126.09700000000231                0.001
    2780.0                 86.0   170.10830000000288                0.001
    1507.0                 62.0    122.0716000000017                0.001
    1375.0                 53.0   104.07620000000189                0.001
     730.0                 38.0    74.04810000000074                0.001
    1862.0                 64.0   126.08950000000209                0.001
     667.0                 35.0    68.05180000000077                0.001
    1760.0                 59.0   116.07590000000194                0.001
    1302.0                 59.0   116.08410000000198                0.001
    1244.0                 60.0   118.08290000000193                0.001
     764.0                 40.0     78.0575000000012                0.001
     774.0                 46.0     90.0591000000013                0.001
    1252.0                 55.0   108.07790000000178                0.001
    1478.0                 63.0   124.08510000000216                0.001
    1754.0                 62.0   122.08750000000217                0.001
     838.0                 44.0    86.06490000000139                0.001
    1113.0                 52.0    102.0650000000015                0.001
    1176.0                 55.0   108.06810000000125                0.001
     516.0                 30.0   58.043300000000606                0.001
    1639.0                 58.0   114.08480000000195                0.001
    1432.0                 63.0   124.08690000000206                0.001
