
########################################################################## 
################################ Settings ################################ 
########################################################################## 

Note: Using linear eps. decay. + distance to apple reward.

####### Environment settings ####### : 
screen_size: (600, 600)
snake_block_size: (30, 30)
grid_size: 20
apple_reward: 2.0
death_punishment: -2.0
closer_2_apple_reward: 0.0
longer_from_apple_punishment: -0.0
max_iterations: 600


####### Hyperparameters ####### : 
batch_size: 128
 gamma: 0.99
 initial_epsilon: 0.25
 minimal_epsilon: 0.0
 epsilon_decay_rate: 0.0006
 target_update_frequency: 10
 learning_rate: 0.0001
 memory_size: 100000
 n_episodes: 650
 
####### Optimizer ####### : 
Adam (
Parameter Group 0
    amsgrad: False
    betas: (0.9, 0.999)
    capturable: False
    eps: 1e-08
    foreach: None
    lr: 0.0001
    maximize: False
    weight_decay: 0
)

####### Loss function ####### : 
MSELoss()

####### Network structure #######: 
DeepQNetwork(
  (lin1): Linear(in_features=18, out_features=540, bias=True)
  (lin2): Linear(in_features=540, out_features=270, bias=True)
  (lin3): Linear(in_features=270, out_features=4, bias=True)
  (rectifier1): ReLU()
)

########################################################################## 
################################## DATA ################################## 
########################################################################## 
    steps:              scores:             rewards:             epsilon:
       0.0                  0.0                 -2.0                 0.25
      19.0                  0.0                 -2.0                 0.25
      43.0                  0.0                 -2.0                 0.25
      13.0                  0.0                 -2.0                 0.25
      17.0                  0.0                 -2.0                 0.25
       8.0                  0.0                 -2.0                 0.25
      20.0                  1.0                  0.0                 0.25
       9.0                  0.0                 -2.0               0.2458
       2.0                  0.0                 -2.0               0.2452
       1.0                  0.0                 -2.0               0.2446
      21.0                  0.0                 -2.0                0.244
       5.0                  0.0                 -2.0               0.2434
      52.0                  0.0                 -2.0               0.2428
       9.0                  0.0                 -2.0               0.2422
     231.0                  4.0                  6.0               0.2416
      46.0                  0.0                 -2.0                0.241
      83.0                  2.0                  2.0               0.2404
     194.0                  4.0                  6.0               0.2398
      63.0                  2.0                  2.0               0.2392
       5.0                  0.0                 -2.0               0.2386
      28.0                  1.0                  0.0                0.238
     937.0                  4.0                  6.0               0.2374
     600.0                  0.0                  0.0               0.2368
     207.0                  4.0                  6.0               0.2362
     170.0                  0.0                 -2.0               0.2356
     320.0                  4.0                  6.0                0.235
     269.0                  2.0                  2.0               0.2344
     257.0                  4.0                  6.0               0.2338
      43.0                  1.0                  0.0               0.2332
      46.0                  2.0                  2.0               0.2326
     155.0                  1.0                  0.0                0.232
     220.0                  6.0                 10.0               0.2314
     329.0                  5.0                  8.0               0.2308
      55.0                  1.0                  0.0  0.23020000000000002
     144.0                  4.0                  6.0               0.2296
      45.0                  0.0                 -2.0                0.229
     382.0                  5.0                  8.0               0.2284
     163.0                  5.0                  8.0               0.2278
     300.0                  1.0                  0.0               0.2272
      17.0                  0.0                 -2.0               0.2266
     600.0                  0.0                  0.0                0.226
     200.0                  1.0                  0.0               0.2254
     207.0                  4.0                  6.0               0.2248
     370.0                  4.0                  6.0               0.2242
     188.0                  4.0                  6.0               0.2236
     335.0                  4.0                  6.0                0.223
     521.0                  0.0                 -2.0  0.22240000000000001
     350.0                  4.0                  6.0               0.2218
     633.0                  7.0                 12.0               0.2212
     463.0                  5.0                  8.0               0.2206
     574.0                  8.0                 14.0                 0.22
     541.0                  6.0                 10.0               0.2194
     323.0                  0.0                 -2.0               0.2188
     179.0                  2.0                  2.0               0.2182
     229.0                  1.0                  0.0  0.21760000000000002
     297.0                  5.0                  8.0                0.217
     426.0                  0.0                 -2.0               0.2164
     213.0                  4.0                  6.0               0.2158
     515.0                  4.0                  6.0               0.2152
    1022.0                  2.0                  2.0               0.2146
      10.0                  0.0                 -2.0                0.214
     407.0                  5.0                  8.0               0.2134
     143.0                  0.0                 -2.0               0.2128
      86.0                  0.0                 -2.0               0.2122
     701.0                  4.0                  6.0               0.2116
     313.0                  9.0                 16.0                0.211
     130.0                  4.0                  6.0               0.2104
     250.0                  6.0                 10.0               0.2098
     239.0                  4.0                  6.0               0.2092
      90.0                  4.0                  6.0               0.2086
       2.0                  0.0                 -2.0  0.20800000000000002
     467.0                  4.0                  6.0               0.2074
     546.0                 14.0                 26.0               0.2068
     188.0                  9.0                 16.0               0.2062
      51.0                  3.0                  4.0               0.2056
     287.0                  8.0                 14.0  0.20500000000000002
      62.0                  0.0                 -2.0               0.2044
     162.0                  2.0                  2.0               0.2038
      73.0                  0.0                 -2.0               0.2032
      86.0                  1.0                  0.0               0.2026
       2.0                  0.0                 -2.0                0.202
     181.0                  4.0                  6.0               0.2014
     365.0                  6.0                 10.0               0.2008
      97.0                  0.0                 -2.0               0.2002
     173.0                  0.0                 -2.0               0.1996
     140.0                  5.0                  8.0                0.199
     229.0                 10.0                 18.0  0.19840000000000002
     140.0                  1.0                  0.0               0.1978
     161.0                  5.0                  8.0  0.19720000000000001
     114.0                  3.0                  4.0               0.1966
      12.0                  0.0                 -2.0                0.196
     229.0                  6.0                 10.0  0.19540000000000002
     757.0                  3.0                  6.0               0.1948
     148.0                  2.0                  2.0               0.1942
      58.0                  2.0                  2.0               0.1936
       1.0                  0.0                 -2.0                0.193
     322.0                  9.0                 16.0  0.19240000000000002
     315.0                  4.0                  6.0               0.1918
     258.0                 10.0                 18.0               0.1912
     155.0                  4.0                  6.0               0.1906
     195.0                  5.0                  8.0                 0.19
      83.0                  4.0                  6.0               0.1894
     101.0                  5.0                  8.0               0.1888
     272.0                  6.0                 10.0               0.1882
     728.0                 11.0                 20.0               0.1876
     600.0                  0.0                  0.0                0.187
      73.0                  0.0                 -2.0               0.1864
      87.0                  4.0                  6.0  0.18580000000000002
     133.0                  4.0                  6.0               0.1852
     313.0                  8.0                 14.0               0.1846
      25.0                  0.0                 -2.0                0.184
     181.0                  4.0                  6.0               0.1834
     395.0                 13.0                 24.0  0.18280000000000002
     217.0                  8.0                 14.0               0.1822
     197.0                  4.0                  6.0               0.1816
     149.0                  5.0                  8.0                0.181
     134.0                  6.0                 10.0               0.1804
     247.0                  7.0                 12.0  0.17980000000000002
     139.0                  5.0                  8.0  0.17920000000000003
     590.0                 13.0                 24.0               0.1786
     221.0                  5.0                  8.0                0.178
     274.0                  0.0                 -2.0               0.1774
     141.0                  6.0                 10.0               0.1768
      76.0                  2.0                  2.0  0.17620000000000002
     202.0                  5.0                  8.0               0.1756
     441.0                 15.0                 28.0                0.175
     108.0                  3.0                  4.0               0.1744
     310.0                  7.0                 12.0               0.1738
     192.0                  5.0                  8.0  0.17320000000000002
      15.0                  0.0                 -2.0               0.1726
     451.0                 12.0                 22.0                0.172
     176.0                  3.0                  4.0               0.1714
     168.0                  6.0                 10.0               0.1708
     129.0                  6.0                 10.0  0.17020000000000002
     196.0                  3.0                  4.0               0.1696
     394.0                 11.0                 20.0                0.169
     215.0                  4.0                  6.0               0.1684
      48.0                  1.0                  0.0               0.1678
     501.0                  7.0                 12.0  0.16720000000000002
     407.0                 14.0                 26.0  0.16660000000000003
     204.0                  2.0                  2.0                0.166
     390.0                  9.0                 16.0               0.1654
     146.0                  5.0                  8.0               0.1648
      87.0                  3.0                  4.0               0.1642
     145.0                  6.0                 10.0  0.16360000000000002
     359.0                  9.0                 16.0                0.163
     184.0                  6.0                 10.0               0.1624
      50.0                  2.0                  2.0               0.1618
       0.0                  0.0                 -2.0               0.1612
     160.0                  6.0                 10.0  0.16060000000000002
     240.0                  8.0                 14.0                 0.16
      24.0                  1.0                  0.0  0.15940000000000001
      34.0                  1.0                  0.0               0.1588
     275.0                  8.0                 14.0               0.1582
     259.0                  8.0                 14.0  0.15760000000000002
     143.0                 10.0                 18.0  0.15700000000000003
     229.0                  4.0                  6.0               0.1564
     788.0                  9.0                 16.0               0.1558
     139.0                  6.0                 10.0               0.1552
     247.0                  8.0                 14.0  0.15460000000000002
     437.0                 11.0                 20.0  0.15400000000000003
     176.0                  8.0                 14.0               0.1534
     249.0                  9.0                 16.0               0.1528
     752.0                 14.0                 26.0               0.1522
     227.0                  6.0                 10.0               0.1516
     172.0                  8.0                 14.0  0.15100000000000002
      89.0                  4.0                  6.0               0.1504
      83.0                  4.0                  6.0               0.1498
     134.0                  6.0                 10.0               0.1492
     369.0                 12.0                 22.0               0.1486
      81.0                  5.0                  8.0  0.14800000000000002
     552.0                 18.0                 34.0               0.1474
     248.0                 10.0                 18.0               0.1468
     316.0                  9.0                 16.0               0.1462
      79.0                  5.0                  8.0               0.1456
     195.0                  7.0                 12.0  0.14500000000000002
     225.0                  7.0                 12.0  0.14440000000000003
      85.0                  4.0                  6.0               0.1438
      86.0                  1.0                  0.0               0.1432
     161.0                  8.0                 14.0               0.1426
     175.0                  9.0                 16.0  0.14200000000000002
     103.0                  4.0                  6.0  0.14140000000000003
     176.0                  5.0                  8.0               0.1408
     790.0                 22.0                 42.0               0.1402
     185.0                  8.0                 14.0               0.1396
     316.0                  6.0                 10.0                0.139
     138.0                  5.0                  8.0  0.13840000000000002
     126.0                  4.0                  6.0               0.1378
     526.0                  4.0                  6.0  0.13720000000000002
       7.0                  0.0                 -2.0               0.1366
     203.0                 10.0                 18.0                0.136
     385.0                  8.0                 14.0  0.13540000000000002
     225.0                  6.0                 10.0               0.1348
      71.0                  4.0                  6.0               0.1342
     269.0                 11.0                 20.0               0.1336
     624.0                 15.0                 28.0                0.133
     132.0                  3.0                  4.0  0.13240000000000002
     186.0                 10.0                 18.0  0.13180000000000003
     253.0                  4.0                  6.0               0.1312
     459.0                 20.0                 38.0               0.1306
     130.0                  7.0                 12.0                 0.13
       1.0                  0.0                 -2.0  0.12940000000000002
     238.0                 11.0                 20.0  0.12880000000000003
     149.0                 10.0                 18.0               0.1282
      30.0                  0.0                 -2.0               0.1276
     507.0                 13.0                 24.0                0.127
     263.0                  9.0                 16.0               0.1264
     126.0                  4.0                  6.0  0.12580000000000002
     311.0                 10.0                 18.0               0.1252
      85.0                  3.0                  4.0  0.12460000000000002
     519.0                 19.0                 36.0                0.124
      53.0                  4.0                  6.0  0.12340000000000001
     168.0                  4.0                  6.0  0.12280000000000002
     135.0                  4.0                  6.0               0.1222
     120.0                  4.0                  6.0  0.12160000000000001
     402.0                 15.0                 28.0  0.12100000000000002
     278.0                  4.0                  6.0  0.12040000000000001
     467.0                  8.0                 14.0  0.11980000000000002
     382.0                 15.0                 28.0               0.1192
      61.0                  3.0                  4.0  0.11860000000000001
     173.0                  8.0                 14.0  0.11800000000000002
     166.0                  8.0                 14.0               0.1174
     120.0                  6.0                 10.0  0.11680000000000001
     382.0                 17.0                 32.0  0.11620000000000003
     553.0                 15.0                 28.0  0.11560000000000001
     483.0                 19.0                 36.0  0.11500000000000002
     841.0                 23.0                 44.0               0.1144
     286.0                  7.0                 12.0  0.11380000000000001
     591.0                 15.0                 28.0  0.11320000000000002
     246.0                  9.0                 16.0               0.1126
      63.0                  3.0                  4.0  0.11200000000000002
     113.0                  4.0                  6.0               0.1114
      25.0                  1.0                  0.0  0.11080000000000001
     128.0                  6.0                 10.0  0.11020000000000002
      48.0                  1.0                  0.0               0.1096
     524.0                 17.0                 32.0  0.10900000000000001
     337.0                 12.0                 22.0  0.10840000000000002
     268.0                 14.0                 26.0               0.1078
     272.0                  9.0                 16.0  0.10720000000000002
     319.0                 16.0                 30.0               0.1066
      87.0                  4.0                  6.0  0.10600000000000001
     369.0                 14.0                 26.0  0.10540000000000002
     201.0                 10.0                 18.0               0.1048
     230.0                 16.0                 30.0  0.10420000000000001
     378.0                 15.0                 28.0  0.10360000000000003
      21.0                  1.0                  0.0  0.10300000000000001
     108.0                  4.0                  6.0  0.10240000000000002
      53.0                  1.0                  0.0               0.1018
     321.0                 10.0                 18.0  0.10120000000000001
      51.0                  1.0                  0.0  0.10060000000000002
     186.0                 11.0                 20.0                  0.1
     105.0                  5.0                  8.0  0.09940000000000002
     192.0                  8.0                 14.0  0.09880000000000003
     378.0                 18.0                 34.0  0.09820000000000001
     449.0                 20.0                 38.0  0.09760000000000002
     223.0                 11.0                 20.0                0.097
     350.0                 15.0                 28.0  0.09640000000000001
     691.0                 24.0                 46.0  0.09580000000000002
     200.0                  9.0                 16.0               0.0952
     613.0                 19.0                 36.0  0.09460000000000002
     209.0                  7.0                 12.0                0.094
     473.0                 12.0                 22.0  0.09340000000000001
     232.0                  9.0                 16.0  0.09280000000000002
     636.0                 24.0                 46.0               0.0922
     136.0                 10.0                 18.0  0.09160000000000001
     354.0                 15.0                 28.0  0.09100000000000003
     174.0                  6.0                 10.0  0.09040000000000001
     351.0                  9.0                 16.0  0.08980000000000002
     306.0                 10.0                 18.0               0.0892
     180.0                 10.0                 18.0  0.08860000000000001
     181.0                  8.0                 14.0  0.08800000000000002
    1050.0                 27.0                 52.0               0.0874
      78.0                  4.0                  6.0  0.08680000000000002
     371.0                 17.0                 32.0  0.08620000000000003
      77.0                  6.0                 10.0  0.08560000000000001
     411.0                 14.0                 26.0  0.08500000000000002
       6.0                  0.0                 -2.0               0.0844
     948.0                 22.0                 42.0  0.08380000000000001
      26.0                  3.0                  4.0  0.08320000000000002
     594.0                 24.0                 46.0               0.0826
     206.0                  9.0                 16.0  0.08200000000000002
     342.0                 12.0                 22.0  0.08140000000000003
     189.0                  7.0                 12.0  0.08080000000000001
     369.0                  8.0                 14.0  0.08020000000000002
     754.0                 17.0                 32.0               0.0796
     449.0                 16.0                 30.0  0.07900000000000001
     597.0                 20.0                 38.0  0.07840000000000003
     400.0                 17.0                 32.0  0.07780000000000001
     122.0                  6.0                 10.0  0.07720000000000002
     143.0                  6.0                 10.0               0.0766
     239.0                  6.0                 10.0  0.07600000000000001
     435.0                 12.0                 22.0  0.07540000000000002
      68.0                  3.0                  4.0               0.0748
      43.0                  3.0                  4.0  0.07420000000000002
     158.0                  6.0                 10.0  0.07360000000000003
     436.0                 19.0                 36.0  0.07300000000000001
      30.0                  1.0                  0.0  0.07240000000000002
     313.0                 14.0                 26.0               0.0718
      23.0                  2.0                  2.0  0.07120000000000001
     148.0                  6.0                 10.0  0.07060000000000002
     837.0                 28.0                 54.0                 0.07
     276.0                 13.0                 24.0  0.06940000000000002
     274.0                  7.0                 12.0  0.06880000000000003
     854.0                 27.0                 52.0  0.06820000000000001
     380.0                 15.0                 28.0  0.06760000000000002
     231.0                  9.0                 16.0                0.067
     454.0                 15.0                 28.0  0.06640000000000001
      98.0                  4.0                  6.0  0.06580000000000003
     381.0                 16.0                 30.0  0.06520000000000001
     390.0                 19.0                 36.0  0.06460000000000002
     447.0                 19.0                 36.0  0.06400000000000003
     240.0                  5.0                  8.0  0.06340000000000001
     196.0                  9.0                 16.0  0.06280000000000002
     518.0                 25.0                 48.0 0.062200000000000005
      89.0                  4.0                  6.0 0.061600000000000016
     812.0                 27.0                 52.0 0.061000000000000026
      71.0                  3.0                  4.0  0.06040000000000001
     164.0                 10.0                 18.0  0.05980000000000002
     270.0                 13.0                 24.0  0.05920000000000003
      97.0                  4.0                  6.0  0.05860000000000001
      68.0                  6.0                 10.0 0.058000000000000024
     383.0                 13.0                 24.0  0.05740000000000001
     496.0                 23.0                 44.0  0.05680000000000002
     436.0                 18.0                 34.0  0.05620000000000003
     140.0                  7.0                 12.0  0.05560000000000001
     331.0                 17.0                 32.0  0.05500000000000002
      97.0                  6.0                 10.0 0.054400000000000004
     381.0                 16.0                 30.0 0.053800000000000014
     139.0                  7.0                 12.0 0.053200000000000025
     239.0                 11.0                 20.0  0.05260000000000001
     671.0                 21.0                 40.0  0.05200000000000002
      32.0                  1.0                  0.0  0.05140000000000003
     260.0                 15.0                 28.0  0.05080000000000001
      19.0                  1.0                  0.0  0.05020000000000002
     181.0                  6.0                 10.0 0.049600000000000005
      36.0                  2.0                  2.0 0.049000000000000016
     443.0                 23.0                 44.0 0.048400000000000026
     880.0                 31.0                 60.0  0.04780000000000001
     368.0                 12.0                 22.0  0.04720000000000002
     251.0                 10.0                 18.0  0.04660000000000003
      30.0                  1.0                  0.0  0.04600000000000001
     357.0                 14.0                 26.0 0.045400000000000024
     280.0                 15.0                 28.0 0.044800000000000006
     298.0                 10.0                 18.0  0.04420000000000002
     134.0                  6.0                 10.0  0.04360000000000003
     424.0                 20.0                 38.0  0.04300000000000001
     493.0                 23.0                 44.0  0.04240000000000002
      47.0                  2.0                  2.0  0.04180000000000003
     635.0                 21.0                 40.0 0.041200000000000014
    1089.0                 35.0                 68.0 0.040600000000000025
      28.0                  2.0                  2.0  0.04000000000000001
    1437.0                 39.0                 76.0  0.03940000000000002
     309.0                 15.0                 28.0  0.03880000000000003
     347.0                 14.0                 26.0  0.03820000000000001
     107.0                  6.0                 10.0  0.03760000000000002
     542.0                 24.0                 46.0 0.037000000000000005
     594.0                 26.0                 50.0 0.036400000000000016
    1026.0                 31.0                 60.0 0.035800000000000026
     533.0                 25.0                 48.0  0.03520000000000001
     263.0                 11.0                 20.0  0.03460000000000002
     535.0                 27.0                 52.0  0.03400000000000003
    1104.0                 40.0                 78.0  0.03340000000000001
      70.0                  4.0                  6.0 0.032800000000000024
     702.0                 25.0                 48.0 0.032200000000000006
     465.0                 22.0                 42.0  0.03160000000000002
     623.0                 25.0                 48.0 0.031000000000000028
     521.0                 22.0                 42.0  0.03040000000000001
     708.0                 28.0                 54.0  0.02980000000000002
     248.0                 18.0                 34.0  0.02920000000000003
     214.0                 14.0                 26.0 0.028600000000000014
    1796.0                 47.0                 92.0 0.028000000000000025
     715.0                 31.0                 60.0 0.027400000000000008
     131.0                  7.0                 12.0 0.026800000000000018
     758.0                 34.0                 66.0  0.02620000000000003
    1123.0                 34.0                 66.0  0.02560000000000001
     168.0                 10.0                 18.0 0.025000000000000022
     377.0                 19.0                 36.0 0.024400000000000033
     169.0                 12.0                 22.0 0.023800000000000016
     588.0                 30.0                 58.0 0.023200000000000026
    1882.0                 46.0                 90.0  0.02260000000000001
     959.0                 35.0                 68.0  0.02200000000000002
     252.0                 16.0                 30.0  0.02140000000000003
    1610.0                 50.0                 98.0 0.020800000000000013
     402.0                 21.0                 40.0 0.020200000000000023
     506.0                 29.0                 56.0 0.019600000000000006
     651.0                 38.0                 74.0 0.019000000000000017
     321.0                 20.0                 38.0 0.018400000000000027
     758.0                 32.0                 62.0  0.01780000000000001
     123.0                  8.0                 14.0  0.01720000000000002
     510.0                 28.0                 54.0  0.01660000000000003
     547.0                 26.0                 50.0 0.016000000000000014
     445.0                 19.0                 36.0 0.015400000000000025
     519.0                 27.0                 52.0 0.014800000000000008
      59.0                  4.0                  6.0 0.014200000000000018
     563.0                 29.0                 56.0 0.013600000000000029
     100.0                  5.0                  8.0 0.013000000000000012
    1426.0                 46.0                 90.0 0.012400000000000022
     247.0                 15.0                 28.0 0.011800000000000033
    1665.0                 57.0                112.0 0.011200000000000015
    1088.0                 42.0                 82.0 0.010600000000000026
     912.0                 39.0                 76.0 0.010000000000000009
     696.0                 31.0                 60.0  0.00940000000000002
     896.0                 37.0                 72.0  0.00880000000000003
     397.0                 22.0                 42.0 0.008200000000000013
    1237.0                 48.0                 94.0 0.007600000000000023
     642.0                 35.0                 68.0 0.007000000000000034
    1355.0                 47.0                 92.0 0.006400000000000017
     635.0                 31.0                 60.0 0.005800000000000027
     604.0                 32.0                 62.0  0.00520000000000001
    2085.0                 56.0                110.0 0.004600000000000021
    1750.0                 56.0                110.0 0.004000000000000031
     815.0                 40.0                 78.0 0.003400000000000014
    2003.0                 63.0                124.0 0.0028000000000000247
      10.0                  0.0                 -2.0 0.0022000000000000353
     406.0                 22.0                 42.0 0.001600000000000018
    1728.0                 51.0                100.0 0.0010000000000000286
    1347.0                 49.0                 96.0 0.00040000000000001146
    1884.0                 62.0                122.0                  0.0
    1314.0                 55.0                108.0                  0.0
    1213.0                 47.0                 92.0                  0.0
    1386.0                 49.0                 96.0                  0.0
     778.0                 32.0                 62.0                  0.0
    1527.0                 53.0                104.0                  0.0
     151.0                 10.0                 18.0                  0.0
     417.0                 28.0                 54.0                  0.0
    1683.0                 63.0                124.0                  0.0
     661.0                 37.0                 72.0                  0.0
     163.0                 10.0                 18.0                  0.0
    1032.0                 41.0                 80.0                  0.0
    2054.0                 60.0                118.0                  0.0
     704.0                 34.0                 66.0                  0.0
    1496.0                 50.0                 98.0                  0.0
    2519.0                 71.0                140.0                  0.0
    1123.0                 46.0                 90.0                  0.0
    1940.0                 70.0                138.0                  0.0
    1011.0                 45.0                 88.0                  0.0
     988.0                 48.0                 94.0                  0.0
    1052.0                 43.0                 84.0                  0.0
    1126.0                 54.0                106.0                  0.0
    1420.0                 51.0                100.0                  0.0
    1156.0                 44.0                 86.0                  0.0
    1881.0                 56.0                110.0                  0.0
    1221.0                 54.0                106.0                  0.0
    1369.0                 56.0                110.0                  0.0
    2214.0                 72.0                142.0                  0.0
     867.0                 42.0                 82.0                  0.0
    1273.0                 55.0                108.0                  0.0
     256.0                 15.0                 28.0                  0.0
    1529.0                 60.0                118.0                  0.0
     860.0                 48.0                 94.0                  0.0
     619.0                 32.0                 62.0                  0.0
    1157.0                 53.0                104.0                  0.0
    1421.0                 55.0                108.0                  0.0
    1477.0                 64.0                126.0                  0.0
    1419.0                 55.0                108.0                  0.0
     967.0                 48.0                 94.0                  0.0
     974.0                 50.0                 98.0                  0.0
     605.0                 34.0                 66.0                  0.0
     559.0                 32.0                 62.0                  0.0
    1830.0                 69.0                136.0                  0.0
    2007.0                 74.0                146.0                  0.0
     496.0                 30.0                 58.0                  0.0
     361.0                 23.0                 44.0                  0.0
     801.0                 42.0                 82.0                  0.0
    1116.0                 45.0                 88.0                  0.0
    1068.0                 49.0                 96.0                  0.0
    1739.0                 69.0                136.0                  0.0
     459.0                 31.0                 60.0                  0.0
    1258.0                 55.0                108.0                  0.0
    1386.0                 61.0                120.0                  0.0
     959.0                 44.0                 86.0                  0.0
    2265.0                 82.0                162.0                  0.0
    1638.0                 71.0                140.0                  0.0
     462.0                 26.0                 50.0                  0.0
     615.0                 30.0                 58.0                  0.0
     934.0                 54.0                106.0                  0.0
    1422.0                 67.0                132.0                  0.0
    1270.0                 65.0                128.0                  0.0
    1909.0                 76.0                150.0                  0.0
    1439.0                 64.0                126.0                  0.0
    1010.0                 53.0                104.0                  0.0
    1398.0                 60.0                118.0                  0.0
    1839.0                 77.0                152.0                  0.0
     435.0                 27.0                 52.0                  0.0
     249.0                 17.0                 32.0                  0.0
    1582.0                 67.0                132.0                  0.0
    1163.0                 59.0                116.0                  0.0
    1099.0                 53.0                104.0                  0.0
     275.0                 18.0                 34.0                  0.0
     666.0                 42.0                 82.0                  0.0
    1830.0                 69.0                136.0                  0.0
     690.0                 40.0                 78.0                  0.0
    1187.0                 62.0                122.0                  0.0
     937.0                 44.0                 86.0                  0.0
     471.0                 33.0                 64.0                  0.0
     650.0                 39.0                 76.0                  0.0
     562.0                 34.0                 66.0                  0.0
    1077.0                 57.0                112.0                  0.0
     737.0                 40.0                 78.0                  0.0
    1446.0                 74.0                146.0                  0.0
     939.0                 52.0                102.0                  0.0
    1083.0                 53.0                104.0                  0.0
    1482.0                 62.0                122.0                  0.0
    2388.0                 80.0                158.0                  0.0
     910.0                 48.0                 94.0                  0.0
     675.0                 37.0                 72.0                  0.0
    1196.0                 60.0                118.0                  0.0
     953.0                 49.0                 96.0                  0.0
    1158.0                 57.0                112.0                  0.0
     558.0                 33.0                 64.0                  0.0
     860.0                 44.0                 86.0                  0.0
    1132.0                 59.0                116.0                  0.0
     245.0                 15.0                 28.0                  0.0
    1378.0                 60.0                118.0                  0.0
    1655.0                 76.0                150.0                  0.0
    1886.0                 76.0                150.0                  0.0
     302.0                 22.0                 42.0                  0.0
     975.0                 45.0                 88.0                  0.0
     314.0                 22.0                 42.0                  0.0
    1040.0                 54.0                106.0                  0.0
    1195.0                 55.0                108.0                  0.0
     700.0                 43.0                 84.0                  0.0
     950.0                 53.0                104.0                  0.0
    1303.0                 55.0                108.0                  0.0
    1305.0                 66.0                130.0                  0.0
    1100.0                 55.0                108.0                  0.0
     750.0                 39.0                 76.0                  0.0
    1494.0                 73.0                144.0                  0.0
     506.0                 32.0                 62.0                  0.0
     922.0                 56.0                110.0                  0.0
    1383.0                 65.0                128.0                  0.0
    1008.0                 47.0                 92.0                  0.0
    1038.0                 44.0                 86.0                  0.0
    1351.0                 64.0                126.0                  0.0
    1115.0                 54.0                106.0                  0.0
    1420.0                 65.0                128.0                  0.0
     625.0                 35.0                 68.0                  0.0
    1608.0                 72.0                142.0                  0.0
    1679.0                 72.0                142.0                  0.0
     587.0                 36.0                 70.0                  0.0
     817.0                 53.0                104.0                  0.0
    1081.0                 53.0                104.0                  0.0
    1022.0                 56.0                110.0                  0.0
     808.0                 48.0                 94.0                  0.0
     646.0                 38.0                 74.0                  0.0
    1311.0                 62.0                122.0                  0.0
    1106.0                 49.0                 96.0                  0.0
    1655.0                 72.0                142.0                  0.0
    1039.0                 46.0                 90.0                  0.0
    1775.0                 76.0                150.0                  0.0
    1191.0                 59.0                116.0                  0.0
     474.0                 32.0                 62.0                  0.0
     842.0                 46.0                 90.0                  0.0
    1222.0                 61.0                120.0                  0.0
    1015.0                 56.0                110.0                  0.0
     725.0                 42.0                 82.0                  0.0
    1171.0                 60.0                118.0                  0.0
     843.0                 42.0                 82.0                  0.0
    1331.0                 66.0                130.0                  0.0
     498.0                 31.0                 60.0                  0.0
     911.0                 50.0                 98.0                  0.0
     889.0                 48.0                 94.0                  0.0
     968.0                 57.0                112.0                  0.0
     921.0                 49.0                 96.0                  0.0
     949.0                 48.0                 94.0                  0.0
     877.0                 45.0                 88.0                  0.0
    1229.0                 56.0                110.0                  0.0
     656.0                 36.0                 70.0                  0.0
    1220.0                 61.0                120.0                  0.0
     906.0                 50.0                 98.0                  0.0
     578.0                 37.0                 72.0                  0.0
    1123.0                 56.0                110.0                  0.0
    1061.0                 54.0                106.0                  0.0
     983.0                 55.0                108.0                  0.0
    1457.0                 67.0                132.0                  0.0
     629.0                 36.0                 70.0                  0.0
     456.0                 27.0                 52.0                  0.0
    1065.0                 59.0                116.0                  0.0
    1150.0                 67.0                132.0                  0.0
    1440.0                 63.0                124.0                  0.0
     606.0                 41.0                 80.0                  0.0
    1001.0                 51.0                100.0                  0.0
    1514.0                 72.0                142.0                  0.0
     654.0                 43.0                 84.0                  0.0
     681.0                 40.0                 78.0                  0.0
     370.0                 25.0                 48.0                  0.0
     474.0                 35.0                 68.0                  0.0
    1642.0                 66.0                130.0                  0.0
    1351.0                 62.0                122.0                  0.0
    1357.0                 62.0                122.0                  0.0
    1172.0                 61.0                120.0                  0.0
     530.0                 33.0                 64.0                  0.0
    1052.0                 53.0                104.0                  0.0
     897.0                 43.0                 84.0                  0.0
     451.0                 30.0                 58.0                  0.0
    1097.0                 56.0                110.0                  0.0
     997.0                 57.0                112.0                  0.0
    1783.0                 73.0                144.0                  0.0
     712.0                 40.0                 78.0                  0.0
    1177.0                 62.0                122.0                  0.0
     835.0                 51.0                100.0                  0.0
    1849.0                 78.0                154.0                  0.0
     837.0                 46.0                 90.0                  0.0
     828.0                 48.0                 94.0                  0.0
     699.0                 44.0                 86.0                  0.0
     661.0                 34.0                 66.0                  0.0
    1197.0                 57.0                112.0                  0.0
     595.0                 41.0                 80.0                  0.0
    1677.0                 75.0                148.0                  0.0
    1002.0                 60.0                118.0                  0.0
     727.0                 46.0                 90.0                  0.0
     691.0                 38.0                 74.0                  0.0
    1096.0                 61.0                120.0                  0.0
    1046.0                 54.0                106.0                  0.0
     750.0                 46.0                 90.0                  0.0
     575.0                 35.0                 68.0                  0.0
     743.0                 38.0                 74.0                  0.0
     677.0                 45.0                 88.0                  0.0
    1734.0                 76.0                150.0                  0.0
     813.0                 44.0                 86.0                  0.0
    1051.0                 57.0                112.0                  0.0
    1005.0                 55.0                108.0                  0.0
    1089.0                 58.0                114.0                  0.0
     952.0                 53.0                104.0                  0.0
    1275.0                 65.0                128.0                  0.0
    1413.0                 71.0                140.0                  0.0
     667.0                 40.0                 78.0                  0.0
     868.0                 45.0                 88.0                  0.0
     244.0                 17.0                 32.0                  0.0
     986.0                 51.0                100.0                  0.0
     411.0                 25.0                 48.0                  0.0
    1417.0                 64.0                126.0                  0.0
     635.0                 40.0                 78.0                  0.0
     447.0                 36.0                 70.0                  0.0
    1229.0                 58.0                114.0                  0.0
     326.0                 22.0                 42.0                  0.0
     432.0                 31.0                 60.0                  0.0
    1159.0                 55.0                108.0                  0.0
    1540.0                 75.0                148.0                  0.0
     705.0                 44.0                 86.0                  0.0
    1089.0                 61.0                120.0                  0.0
    1045.0                 56.0                110.0                  0.0
     581.0                 30.0                 58.0                  0.0
    1074.0                 53.0                104.0                  0.0
     736.0                 47.0                 92.0                  0.0
    1621.0                 71.0                140.0                  0.0
     581.0                 34.0                 66.0                  0.0
     738.0                 42.0                 82.0                  0.0
     476.0                 33.0                 64.0                  0.0
     414.0                 30.0                 58.0                  0.0
